PRE_x_5_sig_First_SNC PRE_y_5_sig_First_SNC BRN_x_5_sig_First_SNC BRN_y_5_sig_First_SNC PST_x_5_sig_First_SNC PST_y_5_sig_First_SNC PRE_x_7.5_sig_Per_SNC PRE_y_7.5_sig_Per_SNC BRN_x_7.5_sig_Per_SNC BRN_y_7.5_sig_Per_SNC PST_x_7.5_sig_Per_SNC PST_y_7.5_sig_Per_SNC PRE_x_10_sig_Per_SNC PRE_y_10_sig_Per_SNC BRN_x_10_sig_Per_SNC BRN_y_10_sig_Per_SNC PST_x_10_sig_Per_SNC PST_y_10_sig_Per_SNC PRE_x_12.5_sig_Per_SNC PRE_y_12.5_sig_Per_SNC BRN_x_12.5_sig_Per_SNC BRN_y_12.5_sig_Per_SNC PST_x_12.5_sig_Per_SNC PST_y_12.5_sig_Per_SNC PRE_x_15_sig_Per_SNC PRE_y_15_sig_Per_SNC BRN_x_15_sig_Per_SNC BRN_y_15_sig_Per_SNC PST_x_15_sig_Per_SNC PST_y_15_sig_Per_SNC
0.024999999999999994 2772938.0440665386 0.024999999999999994 1468081.0313659967 0.024999999999999994 6605590.678821116 0.024999999999999994 2772938.0440665386 0.024999999999999994 1618378.5042084202 0.024999999999999994 6344665.067862522 0.024999999999999994 2772938.0440665386 0.024999999999999994 1577996.473984233 0.024999999999999994 6306187.857291055 0.024999999999999994 2772938.0440665386 0.024999999999999994 1578056.359615458 0.024999999999999994 6279764.943641554 0.024999999999999994 2772938.0440665386 0.024999999999999994 1640354.6160523656 0.024999999999999994 6271511.805207286
0.075 2212688.3846186665 0.075 975372.2141735954 0.075 7300604.962697222 0.075 2212688.3846186665 0.075 1154481.5241179285 0.075 7328089.659409211 0.075 2212688.3846186665 0.075 1160341.7826650883 0.075 7286567.820720059 0.075 2212688.3846186665 0.075 1171052.7972859796 0.075 7250656.266484128 0.075 2212688.3846186665 0.075 1207680.8258042475 0.075 7245990.120404694
0.125 1806771.603673294 0.125 826212.1552625682 0.125 5057500.167892276 0.125 1806771.603673294 0.125 942908.5985431805 0.125 5026585.081837544 0.125 1806771.603673294 0.125 954958.0342755725 0.125 4996524.259243818 0.125 1806771.603673294 0.125 960509.318389044 0.125 4971661.71439454 0.125 1806771.603673294 0.125 990432.3926477758 0.125 4970649.953299948
0.17500000000000002 1595381.2396449524 0.17500000000000002 727749.0782096233 0.17500000000000002 4918747.082710273 0.17500000000000002 1595381.2396449524 0.17500000000000002 846592.2073545351 0.17500000000000002 4956409.003256725 0.17500000000000002 1595381.2396449524 0.17500000000000002 851513.4226895237 0.17500000000000002 4930230.997272359 0.17500000000000002 1595381.2396449524 0.17500000000000002 855402.1176560279 0.17500000000000002 4906221.261181558 0.17500000000000002 1595381.2396449524 0.17500000000000002 882268.563111666 0.17500000000000002 4905332.890458666
0.225 1452095.3356762247 0.225 667787.523765906 0.225 3177799.6909634983 0.225 1452095.3356762247 0.225 774715.3522570299 0.225 3169134.1575322845 0.225 1452095.3356762247 0.225 781287.5655758099 0.225 3150087.45127884 0.225 1452095.3356762247 0.225 783557.6804956162 0.225 3134662.596026827 0.225 1452095.3356762247 0.225 810585.1003719324 0.225 3133957.2888210965
0.275 1308314.8915579666 0.275 640707.4771730955 0.275 3118723.043841448 0.275 1308314.8915579666 0.275 750216.085513383 0.275 3119921.421453753 0.275 1308314.8915579666 0.275 754282.2019235486 0.275 3100737.060638256 0.275 1308314.8915579666 0.275 758302.2338659049 0.275 3087549.2964621074 0.275 1308314.8915579666 0.275 781462.6560282016 0.275 3085842.5493699564
0.32500000000000007 1280484.697383656 0.32500000000000007 575787.8207569266 0.32500000000000007 2558243.810247611 0.32500000000000007 1280484.697383656 0.32500000000000007 698690.4282960072 0.32500000000000007 2607845.3403321276 0.32500000000000007 1280484.697383656 0.32500000000000007 686603.7032257989 0.32500000000000007 2591867.2462965637 0.32500000000000007 1280484.697383656 0.32500000000000007 685572.0481631497 0.32500000000000007 2580932.0303450543 0.32500000000000007 1280484.697383656 0.32500000000000007 707479.7403908776 0.32500000000000007 2577122.648541954
0.375 1322501.6589216657 0.375 588478.6457254287 0.375 2277256.9377877144 0.375 1322501.6589216657 0.375 763261.42232721 0.375 2271187.4711460425 0.375 1322501.6589216657 0.375 742958.7067461471 0.375 2254347.9163924926 0.375 1322501.6589216657 0.375 746945.4932183123 0.375 2244226.3210346764 0.375 1322501.6589216657 0.375 769673.7684163242 0.375 2242776.660292617
0.42500000000000004 1276104.3532574256 0.42500000000000004 584667.0300783765 0.42500000000000004 2280791.3198446073 0.42500000000000004 1276104.3532574256 0.42500000000000004 786094.2893133655 0.42500000000000004 2170166.8308438626 0.42500000000000004 1276104.3532574256 0.42500000000000004 782207.365760161 0.42500000000000004 2154643.842165915 0.42500000000000004 1276104.3532574256 0.42500000000000004 784722.7362510732 0.42500000000000004 2144076.260415466 0.42500000000000004 1276104.3532574256 0.42500000000000004 811217.9525774828 0.42500000000000004 2141187.8501031804
0.475 1259824.6129757445 0.475 580936.1628821508 0.475 2054843.5197901307 0.475 1259824.6129757445 0.475 825096.621815157 0.475 1987741.905500526 0.475 1259824.6129757445 0.475 834094.2596937668 0.475 1973603.3537400223 0.475 1259824.6129757445 0.475 837408.5904411896 0.475 1967286.6056340663 0.475 1259824.6129757445 0.475 867900.2892604496 0.475 1962528.4488619654
0.525 1232317.140981559 0.525 478889.9400069142 0.525 2151534.6231677765 0.525 1232317.140981559 0.525 735196.3653065112 0.525 2084657.1181548878 0.525 1232317.140981559 0.525 740697.6833877594 0.525 2071777.5853297599 0.525 1232317.140981559 0.525 745830.0633925523 0.525 2062913.1335059775 0.525 1232317.140981559 0.525 773004.8811385265 0.525 2060842.5721390918
0.5750000000000001 1178899.2601710071 0.5750000000000001 498523.5841188828 0.5750000000000001 2246649.6845559515 0.5750000000000001 1178899.2601710071 0.5750000000000001 697862.079886611 0.5750000000000001 2209310.183582302 0.5750000000000001 1178899.2601710071 0.5750000000000001 704158.7212221782 0.5750000000000001 2196424.6008629166 0.5750000000000001 1178899.2601710071 0.5750000000000001 709726.5172819811 0.5750000000000001 2188127.488743503 0.5750000000000001 1178899.2601710071 0.5750000000000001 733622.0610014801 0.5750000000000001 2187749.078447601
0.6250000000000001 1108129.7645836584 0.6250000000000001 497510.1835020263 0.6250000000000001 2097758.4562942814 0.6250000000000001 1108129.7645836584 0.6250000000000001 666270.6167760189 0.6250000000000001 2052809.8124772352 0.6250000000000001 1108129.7645836584 0.6250000000000001 650076.0940196424 0.6250000000000001 2040705.6863538495 0.6250000000000001 1108129.7645836584 0.6250000000000001 649201.3529116422 0.6250000000000001 2032452.9354135704 0.6250000000000001 1108129.7645836584 0.6250000000000001 671656.5681892735 0.6250000000000001 2030862.8505724992
0.675 1023601.2126932997 0.675 483126.16474613285 0.675 1993405.1354927218 0.675 1023601.2126932997 0.675 598568.4194056122 0.675 1988388.2302434763 0.675 1023601.2126932997 0.675 575529.2328918888 0.675 1975886.0099820474 0.675 1023601.2126932997 0.675 578698.0934690937 0.675 1966481.547724993 0.675 1023601.2126932997 0.675 600944.7277843067 0.675 1965593.2242007435
0.7250000000000001 979963.2377920336 0.7250000000000001 520556.65316915215 0.7250000000000001 2071453.5141139708 0.7250000000000001 979963.2377920336 0.7250000000000001 575806.1447426035 0.7250000000000001 2089811.5234446437 0.7250000000000001 979963.2377920336 0.7250000000000001 575774.0338578455 0.7250000000000001 2076436.5787887517 0.7250000000000001 979963.2377920336 0.7250000000000001 579009.8618390525 0.7250000000000001 2065527.4638244326 0.7250000000000001 979963.2377920336 0.7250000000000001 598705.5624885244 0.7250000000000001 2063559.4122662167
0.775 1003136.3399228388 0.775 474305.0849533293 0.775 2006635.896107038 0.775 1003136.3399228388 0.775 547880.0415484208 0.775 1952038.456431822 0.775 1003136.3399228388 0.775 552553.290690257 0.775 1939317.2949786722 0.775 1003136.3399228388 0.775 552622.9182409236 0.775 1928973.7817718433 0.775 1003136.3399228388 0.775 570941.1925389315 0.775 1927756.682200688
0.8250000000000001 1003774.4806027493 0.8250000000000001 454975.41705194715 0.8250000000000001 2195329.486291839 0.8250000000000001 1003774.4806027493 0.8250000000000001 529126.5171708326 0.8250000000000001 2193855.649878603 0.8250000000000001 1003774.4806027493 0.8250000000000001 531581.5044379 0.8250000000000001 2181246.8819484743 0.8250000000000001 1003774.4806027493 0.8250000000000001 531996.2521895423 0.8250000000000001 2170794.4684905387 0.8250000000000001 1003774.4806027493 0.8250000000000001 555691.499575216 0.8250000000000001 2168819.0527646793
0.8750000000000001 998405.0727989576 0.8750000000000001 476534.6824858318 0.8750000000000001 2228658.720977792 0.8750000000000001 998405.0727989576 0.8750000000000001 573872.5609466095 0.8750000000000001 2189162.297157849 0.8750000000000001 998405.0727989576 0.8750000000000001 579197.0117829425 0.8750000000000001 2175554.4753001886 0.8750000000000001 998405.0727989576 0.8750000000000001 577684.5322615406 0.8750000000000001 2165787.4240096365 0.8750000000000001 998405.0727989576 0.8750000000000001 599940.7735422213 0.8750000000000001 2165356.8949559215
0.925 969732.8853824949 0.925 521820.88995477837 0.925 2284655.84879944 0.925 969732.8853824949 0.925 648718.9171175779 0.925 2276676.079310613 0.925 969732.8853824949 0.925 656501.228070103 0.925 2263921.731027018 0.925 969732.8853824949 0.925 656923.8351267726 0.925 2254101.553658221 0.925 969732.8853824949 0.925 681323.4310014806 0.925 2253245.6526696864
0.9750000000000001 999377.9673698436 0.9750000000000001 536766.8128684687 0.9750000000000001 2404087.190236847 0.9750000000000001 999377.9673698436 0.9750000000000001 675817.2430964484 0.9750000000000001 2365177.856830584 0.9750000000000001 999377.9673698436 0.9750000000000001 674601.1717235878 0.9750000000000001 2352232.403766559 0.9750000000000001 999377.9673698436 0.9750000000000001 677040.3443504251 0.9750000000000001 2342628.7638725224 0.9750000000000001 999377.9673698436 0.9750000000000001 704658.5735345035 0.9750000000000001 2341835.859142312
1.025 1036990.212892292 1.025 498606.42396394536 1.025 2408822.4463608223 1.025 1036990.212892292 1.025 649005.3978264816 1.025 2397548.8335093213 1.025 1036990.212892292 1.025 636455.8677675826 1.025 2385010.044440683 1.025 1036990.212892292 1.025 638279.870706695 1.025 2373551.532252569 1.025 1036990.212892292 1.025 665790.2557661043 1.025 2371893.0017187786
1.075 984144.9650155585 1.075 535758.329660443 1.075 1964191.7175784123 1.075 984144.9650155585 1.075 646147.1185356079 1.075 1974786.0997524413 1.075 984144.9650155585 1.075 650163.5199533345 1.075 1962351.4930564358 1.075 984144.9650155585 1.075 651394.8884021116 1.075 1952015.8280922717 1.075 984144.9650155585 1.075 672549.829082498 1.075 1950663.8224721628
1.125 1015676.2125422865 1.125 581171.0582243917 1.125 1799752.3619305922 1.125 1015676.2125422865 1.125 629212.7035667071 1.125 1816265.8607612 1.125 1015676.2125422865 1.125 633549.4188674405 1.125 1804648.1023941925 1.125 1015676.2125422865 1.125 635234.4211154343 1.125 1797062.9814482026 1.125 1015676.2125422865 1.125 657717.9890547286 1.125 1796762.6121662017
1.175 991461.9110091352 1.175 568520.6002260072 1.175 1706264.151839046 1.175 991461.9110091352 1.175 602493.6770216043 1.175 1706435.1985106217 1.175 991461.9110091352 1.175 602188.1893043523 1.175 1696373.6376024317 1.175 991461.9110091352 1.175 603841.8813082332 1.175 1688976.367111013 1.175 991461.9110091352 1.175 625338.7035363121 1.175 1688221.0639660002
1.225 975420.8287735748 1.225 534361.1473799481 1.225 1677826.1641214297 1.225 975420.8287735748 1.225 564521.4404352013 1.225 1668294.213406384 1.225 975420.8287735748 1.225 566307.6352074764 1.225 1658191.388278269 1.225 975420.8287735748 1.225 567069.8238398709 1.225 1651789.0108528717 1.225 975420.8287735748 1.225 585368.7240060269 1.225 1651102.9639969305
1.275 942743.4482042203 1.275 490126.965273716 1.275 1836757.1048527064 1.275 942743.4482042203 1.275 526776.5434365275 1.275 1826741.9300644002 1.275 942743.4482042203 1.275 530524.5130505159 1.275 1814993.9075390801 1.275 942743.4482042203 1.275 533059.5381402203 1.275 1807062.6904158979 1.275 942743.4482042203 1.275 549310.4473953666 1.275 1806983.3367672332
1.325 915178.3011237322 1.325 467942.45700403623 1.325 1696465.985077087 1.325 915178.3011237322 1.325 504779.49772457965 1.325 1702683.639652621 1.325 915178.3011237322 1.325 513187.7970076141 1.325 1692318.8719664838 1.325 915178.3011237322 1.325 513161.9465136275 1.325 1685099.2328327852 1.325 915178.3011237322 1.325 528311.1329574981 1.325 1685468.095801256
1.375 913759.6834462425 1.375 514591.4025260247 1.375 1899038.0837652113 1.375 913759.6834462425 1.375 551561.697581286 1.375 1910255.578881395 1.375 913759.6834462425 1.375 559873.1564800822 1.375 1898743.6520606081 1.375 913759.6834462425 1.375 561063.1767946533 1.375 1889297.977223602 1.375 913759.6834462425 1.375 579693.2131429185 1.375 1889399.0326292051
1.425 855162.0717476798 1.425 535884.1572373679 1.425 1991517.213278922 1.425 855162.0717476798 1.425 595593.4813216741 1.425 1975745.7116749284 1.425 855162.0717476798 1.425 600651.8668628637 1.425 1963125.3260734775 1.425 855162.0717476798 1.425 604798.2365634519 1.425 1954108.4098233057 1.425 855162.0717476798 1.425 622436.3748836305 1.425 1953897.5348258337
1.475 795572.8991593886 1.475 474069.20875058643 1.475 1982021.381484249 1.475 795572.8991593886 1.475 544703.8400870878 1.475 1973618.015262055 1.475 795572.8991593886 1.475 548978.3961073658 1.475 1960996.7775538496 1.475 795572.8991593886 1.475 552599.7854997577 1.475 1952494.3063067356 1.475 795572.8991593886 1.475 567155.631694021 1.475 1953329.980618885
1.525 904869.3313970028 1.525 435227.95474274695 1.525 1940255.4219522453 1.525 904869.3313970028 1.525 513149.0391327878 1.525 1905002.0826531283 1.525 904869.3313970028 1.525 513857.2725767649 1.525 1894343.8158183985 1.525 904869.3313970028 1.525 516574.6793828814 1.525 1886189.9469467606 1.525 904869.3313970028 1.525 531677.7817130268 1.525 1887003.710183769
1.575 888671.0637660156 1.575 446678.90691943443 1.575 1864373.0663105145 1.575 888671.0637660156 1.575 480999.63111913984 1.575 1836613.2534497916 1.575 888671.0637660156 1.575 484135.58727099287 1.575 1826391.917839185 1.575 888671.0637660156 1.575 486925.37168410805 1.575 1817550.5865838951 1.575 888671.0637660156 1.575 502751.2801531559 1.575 1817511.4810697257
1.625 929665.0961495938 1.625 432153.7677154614 1.625 1886646.7084523572 1.625 929665.0961495938 1.625 474754.58723367786 1.625 1853521.5671931317 1.625 929665.0961495938 1.625 456553.63509404135 1.625 1843083.332784946 1.625 929665.0961495938 1.625 460056.0604801965 1.625 1836111.4573107325 1.625 929665.0961495938 1.625 473717.3139999121 1.625 1836965.7634176696
1.675 928824.2621256182 1.675 415589.0685531158 1.675 1939376.2591194017 1.675 928824.2621256182 1.675 511278.03620715137 1.675 1921827.8847999582 1.675 928824.2621256182 1.675 467106.2882438717 1.675 1912462.2474115407 1.675 928824.2621256182 1.675 470262.15598418657 1.675 1902532.797090589 1.675 928824.2621256182 1.675 486791.1292759403 1.675 1899969.8374166607
1.725 842831.1913388578 1.725 406363.428374489 1.725 2141439.7362159635 1.725 842831.1913388578 1.725 464465.6275358119 1.725 2142413.073159719 1.725 842831.1913388578 1.725 461322.88161137805 1.725 2131209.2911049374 1.725 842831.1913388578 1.725 461774.6439631204 1.725 2121008.5336488695 1.725 842831.1913388578 1.725 475645.43337234174 1.725 2120510.881060509
1.775 852496.4547612148 1.775 442806.21562698216 1.775 1805724.5589999259 1.775 852496.4547612148 1.775 482720.5226711908 1.775 1770713.4134906367 1.775 852496.4547612148 1.775 483834.2134911035 1.775 1761777.89503928 1.775 852496.4547612148 1.775 480765.4693977914 1.775 1752561.570786027 1.775 852496.4547612148 1.775 495324.3962489513 1.775 1750950.5087793248
1.825 873912.1947929693 1.825 465209.66277197166 1.825 2033347.8041138933 1.825 873912.1947929693 1.825 478070.34042817616 1.825 2032640.1135179813 1.825 873912.1947929693 1.825 476603.02407650545 1.825 2022347.173477423 1.825 873912.1947929693 1.825 473188.4505089659 1.825 2012701.9046354336 1.825 873912.1947929693 1.825 486816.6611861202 1.825 2010717.858760384
1.875 923513.944332832 1.875 451365.5189871958 1.875 1840582.7029521465 1.875 923513.944332832 1.875 458348.2979817979 1.875 1836793.6364874758 1.875 923513.944332832 1.875 465317.3670823036 1.875 1826510.2894980116 1.875 923513.944332832 1.875 468861.02978397143 1.875 1817079.9349523329 1.875 923513.944332832 1.875 484691.2689236699 1.875 1816999.8047899613
1.925 941583.4009366101 1.925 438479.743143272 1.925 2009822.8131005852 1.925 941583.4009366101 1.925 508770.3607462437 1.925 1997220.3113085944 1.925 941583.4009366101 1.925 515527.73672784615 1.925 1984923.603307575 1.925 941583.4009366101 1.925 519364.0318698341 1.925 1976580.540194071 1.925 941583.4009366101 1.925 538413.5370676008 1.925 1974861.0972082776
1.975 943725.8594430265 1.975 423033.43924523133 1.975 2185125.5195342773 1.975 943725.8594430265 1.975 515882.239723826 1.975 2149473.2036384484 1.975 943725.8594430265 1.975 518843.26454446826 1.975 2137972.560015955 1.975 943725.8594430265 1.975 519466.464987269 1.975 2126898.081196741 1.975 943725.8594430265 1.975 539257.2231373478 1.975 2126457.1097926972
2.025 909352.4552482537 2.025 423510.7312214283 2.025 1874193.6100669254 2.025 909352.4552482537 2.025 522726.789264516 2.025 1803738.9191620683 2.025 909352.4552482537 2.025 519386.75355461944 2.025 1793554.0061302036 2.025 909352.4552482537 2.025 519945.89971668605 2.025 1785383.724965393 2.025 909352.4552482537 2.025 540583.7349527908 2.025 1783488.6440784435
2.075 877296.5766328339 2.075 427235.4830160727 2.075 1854503.794010601 2.075 877296.5766328339 2.075 512762.87946188176 2.075 1813115.247366516 2.075 877296.5766328339 2.075 504063.4319289947 2.075 1803313.8674807954 2.075 877296.5766328339 2.075 504165.99353871396 2.075 1793249.3700366719 2.075 877296.5766328339 2.075 523380.87983996514 2.075 1792017.6560601646
2.125 890837.3749797386 2.125 396340.19187245 2.125 1361535.3378527602 2.125 890837.3749797386 2.125 451452.65125851345 2.125 1318397.9622003518 2.125 890837.3749797386 2.125 439206.3112109709 2.125 1310254.5846440932 2.125 890837.3749797386 2.125 438912.1576734872 2.125 1303930.6530501898 2.125 890837.3749797386 2.125 452783.53536037373 2.125 1302178.7403020584
2.175 856711.6746520903 2.175 397259.7083483712 2.175 1653334.5659602117 2.175 856711.6746520903 2.175 438212.6838366554 2.175 1627432.5609332786 2.175 856711.6746520903 2.175 435969.7388994132 2.175 1617654.2493072844 2.175 856711.6746520903 2.175 436882.3781285987 2.175 1608796.2309010385 2.175 856711.6746520903 2.175 453332.94598490855 2.175 1607766.1669314017
2.225 904056.3954751379 2.225 365530.47216218995 2.225 1825737.0990518755 2.225 904056.3954751379 2.225 427693.11022431974 2.225 1784258.014549393 2.225 904056.3954751379 2.225 431340.86453051516 2.225 1773945.4908407184 2.225 904056.3954751379 2.225 431637.689976309 2.225 1764591.6451662106 2.225 904056.3954751379 2.225 446648.6037318648 2.225 1763129.2473332656
2.275 902352.1596679161 2.275 361572.19065098185 2.275 1857834.4855571652 2.275 902352.1596679161 2.275 415967.365523692 2.275 1740816.411781809 2.275 902352.1596679161 2.275 412168.75286500924 2.275 1731100.6622139637 2.275 902352.1596679161 2.275 412836.3750248174 2.275 1722218.970910449 2.275 902352.1596679161 2.275 426634.19854149653 2.275 1721929.8151594265
2.325 863673.3494103362 2.325 377859.28824661695 2.325 1756171.8937636206 2.325 863673.3494103362 2.325 485345.21297091607 2.325 1704148.0171224885 2.325 863673.3494103362 2.325 483296.6313055858 2.325 1694644.3777220498 2.325 863673.3494103362 2.325 483939.9493390152 2.325 1687295.6187498195 2.325 863673.3494103362 2.325 501596.0433679433 2.325 1686894.855900723
2.375 861357.5372412849 2.375 359204.52204353985 2.375 1540329.7336211076 2.375 861357.5372412849 2.375 501325.6856493247 2.375 1522492.8379963262 2.375 861357.5372412849 2.375 507695.5398472178 2.375 1514527.9589606957 2.375 861357.5372412849 2.375 510202.2815327419 2.375 1507288.2308635344 2.375 861357.5372412849 2.375 528812.780194514 2.375 1506097.1996640668
2.4250000000000003 851188.3528499576 2.4250000000000003 374823.46139391774 2.4250000000000003 1530523.7065608331 2.4250000000000003 851188.3528499576 2.4250000000000003 544607.6776193475 2.4250000000000003 1449165.412127119 2.4250000000000003 851188.3528499576 2.4250000000000003 551271.357677021 2.4250000000000003 1440535.564215085 2.4250000000000003 851188.3528499576 2.4250000000000003 554954.2112586792 2.4250000000000003 1433680.1937012032 2.4250000000000003 851188.3528499576 2.4250000000000003 573678.9174439355 2.4250000000000003 1433557.5741331873
2.475 805775.9065634961 2.475 390263.01076384005 2.475 1533490.563709008 2.475 805775.9065634961 2.475 595367.6102000948 2.475 1436425.0281779268 2.475 805775.9065634961 2.475 602166.8305539286 2.475 1426768.495024784 2.475 805775.9065634961 2.475 605194.7460884446 2.475 1419696.029403449 2.475 805775.9065634961 2.475 626562.0333815553 2.475 1419719.889506149
2.525 787970.77674133 2.525 378408.3259190986 2.525 1724223.9787835777 2.525 787970.77674133 2.525 563757.4019982663 2.525 1638714.2969352147 2.525 787970.77674133 2.525 571266.9362359854 2.525 1627845.412498531 2.525 787970.77674133 2.525 574287.0356798199 2.525 1619609.1302934862 2.525 787970.77674133 2.525 593522.0938277026 2.525 1618124.0073783118
2.575 780741.9350047582 2.575 370441.31566870783 2.575 1727744.7288947066 2.575 780741.9350047582 2.575 500088.97229491035 2.575 1666313.2443714442 2.575 780741.9350047582 2.575 508213.63547626004 2.575 1655688.7531629144 2.575 780741.9350047582 2.575 510856.50824727566 2.575 1646946.5912411993 2.575 780741.9350047582 2.575 528621.8080575926 2.575 1647226.0324942488
2.625 848487.1761390994 2.625 358267.9682384674 2.625 1773220.846784751 2.625 848487.1761390994 2.625 470423.9897743602 2.625 1718417.9886417154 2.625 848487.1761390994 2.625 475470.4772386532 2.625 1707192.4073514496 2.625 848487.1761390994 2.625 479671.4571547525 2.625 1698116.4995865705 2.625 848487.1761390994 2.625 495490.034117389 2.625 1697438.3857659283
2.6750000000000003 858256.2200773983 2.6750000000000003 392250.07869632053 2.6750000000000003 1783450.7814152536 2.6750000000000003 858256.2200773983 2.6750000000000003 483958.0755433492 2.6750000000000003 1648408.521117151 2.6750000000000003 858256.2200773983 2.6750000000000003 488716.0125249076 2.6750000000000003 1638108.5112273092 2.6750000000000003 858256.2200773983 2.6750000000000003 494488.39129604417 2.6750000000000003 1630658.0231498263 2.6750000000000003 858256.2200773983 2.6750000000000003 511010.6500137632 2.6750000000000003 1628962.0898696955
2.725 905444.9792475158 2.725 404407.62367467786 2.725 1760466.4776249758 2.725 905444.9792475158 2.725 472102.3480486477 2.725 1642570.6160176098 2.725 905444.9792475158 2.725 477076.77009121113 2.725 1632309.8747796095 2.725 905444.9792475158 2.725 479527.0998602778 2.725 1625211.4719907506 2.725 905444.9792475158 2.725 496602.906748041 2.725 1623743.7319188039
2.775 908695.5125753677 2.775 388707.96124707564 2.775 1819707.1148333712 2.775 908695.5125753677 2.775 465275.96051190177 2.775 1679525.1301561927 2.775 908695.5125753677 2.775 470895.9292308191 2.775 1669329.4204452757 2.775 908695.5125753677 2.775 475359.1025175716 2.775 1660744.1513700476 2.775 908695.5125753677 2.775 493446.04394431075 2.775 1659335.626427287
2.825 876375.1682996012 2.825 397993.6158944992 2.825 1737256.55272171 2.825 876375.1682996012 2.825 478356.1433335375 2.825 1725377.6680918112 2.825 876375.1682996012 2.825 480917.17185964464 2.825 1716104.4828052316 2.825 876375.1682996012 2.825 484101.7559171998 2.825 1707778.8851121534 2.825 876375.1682996012 2.825 502794.1483907884 2.825 1707250.9588036598
2.875 894489.8183136401 2.875 372866.93419208436 2.875 1637312.5661882614 2.875 894489.8183136401 2.875 462455.34577619634 2.875 1580978.3651369032 2.875 894489.8183136401 2.875 465564.1181789921 2.875 1571503.5348180805 2.875 894489.8183136401 2.875 469649.3963691315 2.875 1562978.5675112738 2.875 894489.8183136401 2.875 487121.91180839617 2.875 1562072.7133014747
2.9250000000000003 919250.5034656383 2.9250000000000003 382993.505723729 2.9250000000000003 1710464.9282154532 2.9250000000000003 919250.5034656383 2.9250000000000003 448104.2733186097 2.9250000000000003 1542738.0430115112 2.9250000000000003 919250.5034656383 2.9250000000000003 452559.324184197 2.9250000000000003 1533155.257799068 2.9250000000000003 919250.5034656383 2.9250000000000003 455486.2785464716 2.9250000000000003 1526326.2866439344 2.9250000000000003 919250.5034656383 2.9250000000000003 473712.9608353404 2.9250000000000003 1525895.7500988154
2.975 956720.683657621 2.975 361081.0571581645 2.975 1543429.1393634074 2.975 956720.683657621 2.975 433413.8955421069 2.975 1355720.6769176093 2.975 956720.683657621 2.975 437283.2590672551 2.975 1349108.015379912 2.975 956720.683657621 2.975 441051.3180532081 2.975 1342937.7712711599 2.975 956720.683657621 2.975 458143.5054902041 2.975 1340775.5525531692
3.025 894752.7129844673 3.025 351994.59601199185 3.025 1370377.807497602 3.025 894752.7129844673 3.025 418029.93847956526 3.025 1317029.849758398 3.025 894752.7129844673 3.025 419775.4752956635 3.025 1310190.6600443355 3.025 894752.7129844673 3.025 421871.17247434414 3.025 1304397.3812412184 3.025 894752.7129844673 3.025 435421.4413782089 3.025 1304579.8444011163
3.075 935930.1075419929 3.075 357304.53706591704 3.075 1389200.8959881894 3.075 935930.1075419929 3.075 429965.2473819573 3.075 1343634.5635640956 3.075 935930.1075419929 3.075 435026.0947026457 3.075 1335676.2112114357 3.075 935930.1075419929 3.075 438326.24405871704 3.075 1330823.6441309727 3.075 935930.1075419929 3.075 453364.316621722 3.075 1330157.560400359
3.125 899877.5798407497 3.125 413223.63809798926 3.125 1289545.8794597615 3.125 899877.5798407497 3.125 472598.25684713613 3.125 1245556.1917048201 3.125 899877.5798407497 3.125 480844.7667428286 3.125 1238798.8474027354 3.125 899877.5798407497 3.125 483466.307206236 3.125 1233025.5800310294 3.125 899877.5798407497 3.125 498831.1283051623 3.125 1232470.2763185878
3.1750000000000003 937741.4184072061 3.1750000000000003 439286.8618541153 3.1750000000000003 1590426.4297287269 3.1750000000000003 937741.4184072061 3.1750000000000003 499675.4219198471 3.1750000000000003 1547684.3395651495 3.1750000000000003 937741.4184072061 3.1750000000000003 505869.68280735787 3.1750000000000003 1539212.7916539507 3.1750000000000003 937741.4184072061 3.1750000000000003 510753.6740712134 3.1750000000000003 1530638.0703624773 3.1750000000000003 937741.4184072061 3.1750000000000003 528792.0201454421 3.1750000000000003 1530812.618017075
3.225 901726.4284608227 3.225 446491.92751934764 3.225 1606389.6200718551 3.225 901726.4284608227 3.225 525993.0285104269 3.225 1592131.6652248513 3.225 901726.4284608227 3.225 529034.678468507 3.225 1582814.8080083118 3.225 901726.4284608227 3.225 531931.2098203303 3.225 1575783.0011058548 3.225 901726.4284608227 3.225 551718.6716662464 3.225 1575334.3299097724
3.275 890852.2307933437 3.275 464831.40481570543 3.275 1495615.0344213427 3.275 890852.2307933437 3.275 569531.8050394902 3.275 1427800.415208773 3.275 890852.2307933437 3.275 568635.123643611 3.275 1420341.225152845 3.275 890852.2307933437 3.275 574942.6217562972 3.275 1413435.7628967073 3.275 890852.2307933437 3.275 596931.589713896 3.275 1414120.2120172996
3.325 885290.1880066254 3.325 465363.6751388647 3.325 1517090.9644774285 3.325 885290.1880066254 3.325 557087.517673346 3.325 1410436.4103477667 3.325 885290.1880066254 3.325 565762.3665640884 3.325 1402779.3275208261 3.325 885290.1880066254 3.325 571788.6892434186 3.325 1396010.0484137957 3.325 885290.1880066254 3.325 592517.1936464083 3.325 1396525.5021219638
3.375 882357.748634996 3.375 388350.68260251154 3.375 1587001.286846656 3.375 882357.748634996 3.375 489565.51049339375 3.375 1441188.707799295 3.375 882357.748634996 3.375 491274.8460917314 3.375 1432092.778651244 3.375 882357.748634996 3.375 494503.360936998 3.375 1426294.47890329 3.375 882357.748634996 3.375 510829.5828616396 3.375 1426333.1776475075
3.4250000000000003 895003.2144495093 3.4250000000000003 425188.1678709496 3.4250000000000003 1466402.6660151752 3.4250000000000003 895003.2144495093 3.4250000000000003 520582.33476684545 3.4250000000000003 1362372.313806595 3.4250000000000003 895003.2144495093 3.4250000000000003 528133.8444573011 3.4250000000000003 1354573.218485376 3.4250000000000003 895003.2144495093 3.4250000000000003 533472.7320130619 3.4250000000000003 1348405.6598612648 3.4250000000000003 895003.2144495093 3.4250000000000003 550700.913195527 3.4250000000000003 1350185.083464504
3.475 895078.1673058777 3.475 439795.1243240791 3.475 1526804.2203636812 3.475 895078.1673058777 3.475 553130.7907959752 3.475 1402833.8036525631 3.475 895078.1673058777 3.475 558469.8659099687 3.475 1395779.0998769265 3.475 895078.1673058777 3.475 564757.5553262675 3.475 1388542.9481704943 3.475 895078.1673058777 3.475 585172.5060807904 3.475 1389033.8586275252
3.525 915843.1092862269 3.525 431224.3512617553 3.525 1683079.9411513892 3.525 915843.1092862269 3.525 529096.2091256429 3.525 1639105.7764386372 3.525 915843.1092862269 3.525 535808.2826600691 3.525 1629893.658784066 3.525 915843.1092862269 3.525 542564.0827286829 3.525 1621811.2173029056 3.525 915843.1092862269 3.525 562160.4361970805 3.525 1620996.541399549
3.575 885959.0428867835 3.575 442183.7145024354 3.575 1726009.1257467547 3.575 885959.0428867835 3.575 529941.1359366659 3.575 1682530.821610646 3.575 885959.0428867835 3.575 540851.7683719868 3.575 1673505.852703861 3.575 885959.0428867835 3.575 544520.1523186595 3.575 1664977.9657596282 3.575 885959.0428867835 3.575 564978.7685339946 3.575 1664914.904439396
3.625 903920.71559898 3.625 450540.79281312553 3.625 1725556.1047681172 3.625 903920.71559898 3.625 503394.7518571237 3.625 1725554.4806133306 3.625 903920.71559898 3.625 505591.5434146948 3.625 1715914.3347270847 3.625 903920.71559898 3.625 510128.6225750621 3.625 1707356.1021888033 3.625 903920.71559898 3.625 529205.2344054534 3.625 1706547.0707607009
3.6750000000000003 901848.024165823 3.6750000000000003 414843.1083535804 3.6750000000000003 1867440.0129715537 3.6750000000000003 901848.024165823 3.6750000000000003 474877.3020927996 3.6750000000000003 1826815.8618017856 3.6750000000000003 901848.024165823 3.6750000000000003 473383.4194572419 3.6750000000000003 1816424.1983078942 3.6750000000000003 901848.024165823 3.6750000000000003 478773.5660084003 3.6750000000000003 1806746.762144454 3.6750000000000003 901848.024165823 3.6750000000000003 497135.3581886325 3.6750000000000003 1806510.3439042848
3.725 938558.9750200373 3.725 438309.7993281209 3.725 1882676.1731328643 3.725 938558.9750200373 3.725 506570.6184055459 3.725 1867062.818811166 3.725 938558.9750200373 3.725 512284.26330107864 3.725 1855913.1589133977 3.725 938558.9750200373 3.725 519634.15946531855 3.725 1846870.8755534857 3.725 938558.9750200373 3.725 538227.2798646376 3.725 1845236.9333776827
3.775 937027.1423750531 3.775 510677.1527895131 3.775 1783157.917624591 3.775 937027.1423750531 3.775 594532.5041445981 3.775 1767237.1533509255 3.775 937027.1423750531 3.775 601266.6715688212 3.775 1757565.6266902108 3.775 937027.1423750531 3.775 608463.4238099246 3.775 1748405.2065431196 3.775 937027.1423750531 3.775 630683.6182051458 3.775 1747682.9034001927
3.825 1003744.7029746359 3.825 496239.71646082646 3.825 1872224.5822013319 3.825 1003744.7029746359 3.825 590268.7935497193 3.825 1848842.346651006 3.825 1003744.7029746359 3.825 597608.7326067601 3.825 1838775.4479848354 3.825 1003744.7029746359 3.825 602655.0661773331 3.825 1829150.9479081358 3.825 1003744.7029746359 3.825 623066.6572595759 3.825 1828096.1732096921
3.875 1003379.0212752202 3.875 462195.03274918476 3.875 1924080.095555457 3.875 1003379.0212752202 3.875 551138.8686137191 3.875 1878474.7327610843 3.875 1003379.0212752202 3.875 558509.8944772902 3.875 1868522.9562635287 3.875 1003379.0212752202 3.875 561032.8437974465 3.875 1858468.6969998833 3.875 1003379.0212752202 3.875 580583.5980723682 3.875 1858052.839462616
3.9250000000000003 1050294.4597907828 3.9250000000000003 400193.0314418002 3.9250000000000003 1743024.406964078 3.9250000000000003 1050294.4597907828 3.9250000000000003 473231.99903804983 3.9250000000000003 1723836.5856531109 3.9250000000000003 1050294.4597907828 3.9250000000000003 476147.91622205335 3.9250000000000003 1713773.9364140506 3.9250000000000003 1050294.4597907828 3.9250000000000003 478876.9773813386 3.9250000000000003 1705946.8090227442 3.9250000000000003 1050294.4597907828 3.9250000000000003 496891.08108596137 3.9250000000000003 1705426.5534955184
3.975 1054685.3479294942 3.975 423230.02264222916 3.975 1800591.2365286117 3.975 1054685.3479294942 3.975 486986.7206747816 3.975 1773013.893758801 3.975 1054685.3479294942 3.975 493450.08201895526 3.975 1762460.3482101085 3.975 1054685.3479294942 3.975 497862.8801853587 3.975 1753767.6328977197 3.975 1054685.3479294942 3.975 517528.5289841747 3.975 1752972.1840314504
4.025 1060245.9130005888 4.025 409545.6011319205 4.025 1557557.1611493193 4.025 1060245.9130005888 4.025 503890.85520061187 4.025 1520969.020523202 4.025 1060245.9130005888 4.025 509888.177903354 4.025 1511380.3700513972 4.025 1060245.9130005888 4.025 511708.0758538782 4.025 1504338.8984664972 4.025 1060245.9130005888 4.025 530490.5782233648 4.025 1504172.4729281128
4.075 1008729.3466462508 4.075 424531.1704275315 4.075 1826475.4077358304 4.075 1008729.3466462508 4.075 520462.2717498975 4.075 1760697.5189251848 4.075 1008729.3466462508 4.075 522366.56761252 4.075 1750419.9990189902 4.075 1008729.3466462508 4.075 526587.2341531002 4.075 1741570.6078761518 4.075 1008729.3466462508 4.075 545530.5390150412 4.075 1741953.3159735228
4.125000000000001 1001542.1931369839 4.125000000000001 436398.6314793463 4.125000000000001 1514609.9211793852 4.125000000000001 1001542.1931369839 4.125000000000001 517281.0952436682 4.125000000000001 1498802.5892799206 4.125000000000001 1001542.1931369839 4.125000000000001 521075.0043423726 4.125000000000001 1490225.1457479394 4.125000000000001 1001542.1931369839 4.125000000000001 526871.4693089655 4.125000000000001 1483008.3568023653 4.125000000000001 1001542.1931369839 4.125000000000001 546709.5127389373 4.125000000000001 1483313.876619181
4.175000000000001 1028486.9585334237 4.175000000000001 482009.8666293636 4.175000000000001 1604542.3630282457 4.175000000000001 1028486.9585334237 4.175000000000001 548097.3525340017 4.175000000000001 1571998.1573807225 4.175000000000001 1028486.9585334237 4.175000000000001 551858.9335663522 4.175000000000001 1564348.7242867677 4.175000000000001 1028486.9585334237 4.175000000000001 556472.5650084504 4.175000000000001 1554223.7502069122 4.175000000000001 1028486.9585334237 4.175000000000001 577327.183475993 4.175000000000001 1553787.1730569343
4.2250000000000005 972732.7614957549 4.2250000000000005 529281.8920069429 4.2250000000000005 1724243.2457799134 4.2250000000000005 972732.7614957549 4.2250000000000005 571301.8149317048 4.2250000000000005 1687216.8063104826 4.2250000000000005 972732.7614957549 4.2250000000000005 578558.1803102174 4.2250000000000005 1676392.4121050807 4.2250000000000005 972732.7614957549 4.2250000000000005 579912.6903225951 4.2250000000000005 1668830.1963963711 4.2250000000000005 972732.7614957549 4.2250000000000005 602683.3753052298 4.2250000000000005 1667796.2021482654
4.275 985275.2999585756 4.275 470298.73923900054 4.275 1725104.6656156352 4.275 985275.2999585756 4.275 507662.95647799846 4.275 1611975.5035930823 4.275 985275.2999585756 4.275 512500.9902121977 4.275 1602204.4023040053 4.275 985275.2999585756 4.275 515418.41030491027 4.275 1595280.6193837053 4.275 985275.2999585756 4.275 533967.5050246058 4.275 1594534.4379853983
4.325 997071.6144915142 4.325 464838.7601383984 4.325 1549757.649255465 4.325 997071.6144915142 4.325 542765.5002820927 4.325 1479754.3944382302 4.325 997071.6144915142 4.325 549907.9772120956 4.325 1470824.404759326 4.325 997071.6144915142 4.325 556355.9915802613 4.325 1464575.0976154807 4.325 997071.6144915142 4.325 575858.6825009659 4.325 1463872.1348466321
4.375000000000001 1048191.4534632843 4.375000000000001 506786.5208371306 4.375000000000001 1423219.5453502282 4.375000000000001 1048191.4534632843 4.375000000000001 606406.3868868627 4.375000000000001 1366398.8874859042 4.375000000000001 1048191.4534632843 4.375000000000001 613482.1316108047 4.375000000000001 1358179.398715293 4.375000000000001 1048191.4534632843 4.375000000000001 621388.370385222 4.375000000000001 1352213.4906992174 4.375000000000001 1048191.4534632843 4.375000000000001 643785.3934295054 4.375000000000001 1351741.8903359098
4.425000000000001 1031746.9955978544 4.425000000000001 469009.47050780547 4.425000000000001 1480962.4522098463 4.425000000000001 1031746.9955978544 4.425000000000001 544634.7190913258 4.425000000000001 1406566.8107183075 4.425000000000001 1031746.9955978544 4.425000000000001 549574.9024838649 4.425000000000001 1397285.7969294004 4.425000000000001 1031746.9955978544 4.425000000000001 556318.0303344732 4.425000000000001 1390945.3182162463 4.425000000000001 1031746.9955978544 4.425000000000001 576185.4847499437 4.425000000000001 1391428.4682570323
4.4750000000000005 1055026.8250184346 4.4750000000000005 479167.7332830494 4.4750000000000005 1448776.288164387 4.4750000000000005 1055026.8250184346 4.4750000000000005 594312.8558084193 4.4750000000000005 1412425.0623186768 4.4750000000000005 1055026.8250184346 4.4750000000000005 601458.5501926359 4.4750000000000005 1405380.2973200302 4.4750000000000005 1055026.8250184346 4.4750000000000005 607685.3512815238 4.4750000000000005 1396839.7704200717 4.4750000000000005 1055026.8250184346 4.4750000000000005 628618.9926615395 4.4750000000000005 1395293.8416711087
4.525 1050460.738255343 4.525 439248.1319600012 4.525 1564526.65497815 4.525 1050460.738255343 4.525 588092.3028199498 4.525 1530874.9831707717 4.525 1050460.738255343 4.525 592164.0393196812 4.525 1522811.9199481183 4.525 1050460.738255343 4.525 597574.968052524 4.525 1515373.3345042365 4.525 1050460.738255343 4.525 618230.0801154004 4.525 1515602.675220571
4.575 1008568.3425119984 4.575 444131.51358057687 4.575 1778814.4661860666 4.575 1008568.3425119984 4.575 616329.5110439335 4.575 1713563.2441407414 4.575 1008568.3425119984 4.575 605734.1795658293 4.575 1703098.4385875165 4.575 1008568.3425119984 4.575 609725.4691431536 4.575 1694535.3619498801 4.575 1008568.3425119984 4.575 632175.11467686 4.575 1692606.4907893646
4.625000000000001 927467.4041044964 4.625000000000001 525495.6252753476 4.625000000000001 1689606.9137791372 4.625000000000001 927467.4041044964 4.625000000000001 694527.9381777582 4.625000000000001 1633498.409210091 4.625000000000001 927467.4041044964 4.625000000000001 689634.412464971 4.625000000000001 1623012.5509307045 4.625000000000001 927467.4041044964 4.625000000000001 694934.6179340553 4.625000000000001 1615160.9556469393 4.625000000000001 927467.4041044964 4.625000000000001 721977.8776787405 4.625000000000001 1614937.7722792288
4.675000000000001 980675.8357229918 4.675000000000001 491375.29404783406 4.675000000000001 1701173.4151899617 4.675000000000001 980675.8357229918 4.675000000000001 621905.2669091661 4.675000000000001 1629780.186125866 4.675000000000001 980675.8357229918 4.675000000000001 624697.580950022 4.675000000000001 1621453.1253390906 4.675000000000001 980675.8357229918 4.675000000000001 630116.6182142055 4.675000000000001 1613207.300177901 4.675000000000001 980675.8357229918 4.675000000000001 656090.573748758 4.675000000000001 1613751.8605605825
4.7250000000000005 993871.5030975507 4.7250000000000005 537563.8833819126 4.7250000000000005 1821716.3819913818 4.7250000000000005 993871.5030975507 4.7250000000000005 631275.2310735063 4.7250000000000005 1782920.5138686185 4.7250000000000005 993871.5030975507 4.7250000000000005 632955.1914827718 4.7250000000000005 1771618.0161326162 4.7250000000000005 993871.5030975507 4.7250000000000005 641231.0615397277 4.7250000000000005 1764061.4497754977 4.7250000000000005 993871.5030975507 4.7250000000000005 662742.926352986 4.7250000000000005 1763417.03353963
4.775 1051685.7591740317 4.775 561136.5706689447 4.775 1837060.0914430975 4.775 1051685.7591740317 4.775 623977.6683031479 4.775 1758603.0449744624 4.775 1051685.7591740317 4.775 622396.5807698722 4.775 1747804.2238328718 4.775 1051685.7591740317 4.775 631287.3279821271 4.775 1738312.0152195648 4.775 1051685.7591740317 4.775 653727.0035482749 4.775 1739200.2171334361
4.825000000000001 1033310.5495215626 4.825000000000001 559890.1564586462 4.825000000000001 1810751.3501183006 4.825000000000001 1033310.5495215626 4.825000000000001 615792.3029892426 4.825000000000001 1717353.3294788497 4.825000000000001 1033310.5495215626 4.825000000000001 621061.0770100673 4.825000000000001 1708820.702888978 4.825000000000001 1033310.5495215626 4.825000000000001 630196.7443851981 4.825000000000001 1699582.3860367849 4.825000000000001 1033310.5495215626 4.825000000000001 652627.9629686394 4.825000000000001 1698700.7129086747
4.875000000000001 1101905.0309940174 4.875000000000001 485108.1362736784 4.875000000000001 1729534.1104621799 4.875000000000001 1101905.0309940174 4.875000000000001 593984.4071786549 4.875000000000001 1671200.8356006134 4.875000000000001 1101905.0309940174 4.875000000000001 601906.2550049023 4.875000000000001 1661689.4873587221 4.875000000000001 1101905.0309940174 4.875000000000001 609527.5036874828 4.875000000000001 1653467.9387485143 4.875000000000001 1101905.0309940174 4.875000000000001 629985.8824025044 4.875000000000001 1652526.551988309
4.925000000000001 1100473.7375397556 4.925000000000001 460067.77795881714 4.925000000000001 1586272.2454734065 4.925000000000001 1100473.7375397556 4.925000000000001 623096.3829101096 4.925000000000001 1527348.1502559336 4.925000000000001 1100473.7375397556 4.925000000000001 629325.9586381247 4.925000000000001 1516495.1914116184 4.925000000000001 1100473.7375397556 4.925000000000001 636462.3038776484 4.925000000000001 1509375.3217751249 4.925000000000001 1100473.7375397556 4.925000000000001 657795.9323519625 4.925000000000001 1509062.9364100276
4.9750000000000005 1110507.3617732548 4.9750000000000005 481394.7190399442 4.9750000000000005 1495403.8160363818 4.9750000000000005 1110507.3617732548 4.9750000000000005 665994.6596910415 4.9750000000000005 1428668.5842383604 4.9750000000000005 1110507.3617732548 4.9750000000000005 654788.6731197902 4.9750000000000005 1419812.4694670213 4.9750000000000005 1110507.3617732548 4.9750000000000005 662291.6369922374 4.9750000000000005 1412428.432464711 4.9750000000000005 1110507.3617732548 4.9750000000000005 685924.6107695923 4.9750000000000005 1411254.359951963
