PRE_x_5_sig_First_SNC PRE_y_5_sig_First_SNC BRN_x_5_sig_First_SNC BRN_y_5_sig_First_SNC PST_x_5_sig_First_SNC PST_y_5_sig_First_SNC PRE_x_7.5_sig_Per_SNC PRE_y_7.5_sig_Per_SNC BRN_x_7.5_sig_Per_SNC BRN_y_7.5_sig_Per_SNC PST_x_7.5_sig_Per_SNC PST_y_7.5_sig_Per_SNC PRE_x_10_sig_Per_SNC PRE_y_10_sig_Per_SNC BRN_x_10_sig_Per_SNC BRN_y_10_sig_Per_SNC PST_x_10_sig_Per_SNC PST_y_10_sig_Per_SNC PRE_x_12.5_sig_Per_SNC PRE_y_12.5_sig_Per_SNC BRN_x_12.5_sig_Per_SNC BRN_y_12.5_sig_Per_SNC PST_x_12.5_sig_Per_SNC PST_y_12.5_sig_Per_SNC PRE_x_15_sig_Per_SNC PRE_y_15_sig_Per_SNC BRN_x_15_sig_Per_SNC BRN_y_15_sig_Per_SNC PST_x_15_sig_Per_SNC PST_y_15_sig_Per_SNC
0.024999999999999994 1943796.458263635 0.024999999999999994 2167699.6815881063 0.024999999999999994 4297422.132916805 0.024999999999999994 1943796.458263635 0.024999999999999994 2720806.8652026257 0.024999999999999994 4441394.02421005 0.024999999999999994 1943796.458263635 0.024999999999999994 2775615.0518366266 0.024999999999999994 4418374.59226599 0.024999999999999994 1943796.458263635 0.024999999999999994 2799698.8886226984 0.024999999999999994 4395890.8184964685 0.024999999999999994 1943796.458263635 0.024999999999999994 2903207.046110542 0.024999999999999994 4399922.675185261
0.075 4152243.84848557 0.075 5612091.965803742 0.075 8451377.230558416 0.075 4152243.84848557 0.075 7032954.01938684 0.075 8814288.676996524 0.075 4152243.84848557 0.075 7184122.472280853 0.075 8768360.914391682 0.075 4152243.84848557 0.075 7249150.192250324 0.075 8722917.096470892 0.075 4152243.84848557 0.075 7518866.946976633 0.075 8729954.96925652
0.125 5249935.5466074245 0.125 8069060.510330461 0.125 10533388.872658499 0.125 5249935.5466074245 0.125 10041659.07123999 0.125 11052297.140887363 0.125 5249935.5466074245 0.125 10262489.869143901 0.125 10994351.697001832 0.125 5249935.5466074245 0.125 10354077.432407226 0.125 10936920.119727038 0.125 5249935.5466074245 0.125 10736130.429266531 0.125 10950266.602008967
0.17500000000000002 6293727.391370079 0.17500000000000002 10225304.370288143 0.17500000000000002 13084295.285394985 0.17500000000000002 6293727.391370079 0.17500000000000002 12721173.166783724 0.17500000000000002 13708050.174803333 0.17500000000000002 6293727.391370079 0.17500000000000002 13002391.43120569 0.17500000000000002 13636313.173628649 0.17500000000000002 6293727.391370079 0.17500000000000002 13125594.077345572 0.17500000000000002 13565140.96829958 0.17500000000000002 6293727.391370079 0.17500000000000002 13607224.182516735 0.17500000000000002 13576952.383217266
0.225 6299393.160937618 0.225 12023981.185509086 0.225 12090757.098545678 0.225 6299393.160937618 0.225 14891764.88929497 0.225 12757407.48688446 0.225 6299393.160937618 0.225 15223174.37103318 0.225 12690475.522555402 0.225 6299393.160937618 0.225 15367680.246039066 0.225 12623919.277868448 0.225 6299393.160937618 0.225 15924521.09089448 0.225 12646561.44335609
0.275 5853416.940946583 0.275 12734193.648808165 0.275 11006759.61286575 0.275 5853416.940946583 0.275 15745179.992776582 0.275 11634216.417159798 0.275 5853416.940946583 0.275 16095400.214804294 0.275 11573107.651752587 0.275 5853416.940946583 0.275 16246392.864240864 0.275 11513337.574608827 0.275 5853416.940946583 0.275 16828858.265536394 0.275 11524354.497263871
0.32500000000000007 6214647.316258373 0.32500000000000007 11837260.380524278 0.32500000000000007 11342047.126784803 0.32500000000000007 6214647.316258373 0.32500000000000007 14630874.087673403 0.32500000000000007 12032173.382298816 0.32500000000000007 6214647.316258373 0.32500000000000007 14950209.63659157 0.32500000000000007 11968540.78951987 0.32500000000000007 6214647.316258373 0.32500000000000007 15091429.638445646 0.32500000000000007 11908130.900470098 0.32500000000000007 6214647.316258373 0.32500000000000007 15630726.07185232 0.32500000000000007 11915848.793458343
0.375 6357668.469579812 0.375 10275271.25742992 0.375 11456157.439449385 0.375 6357668.469579812 0.375 12719117.619940959 0.375 12130107.003296986 0.375 6357668.469579812 0.375 12994472.850149855 0.375 12064509.881374102 0.375 6357668.469579812 0.375 13117768.481384002 0.375 12003306.202929357 0.375 6357668.469579812 0.375 13584210.676596332 0.375 12014815.798977006
0.42500000000000004 6236534.381172265 0.42500000000000004 8992591.96629391 0.42500000000000004 10837576.34372516 0.42500000000000004 6236534.381172265 0.42500000000000004 11243374.414274868 0.42500000000000004 11434596.587465346 0.42500000000000004 6236534.381172265 0.42500000000000004 11491803.712398686 0.42500000000000004 11372620.559463931 0.42500000000000004 6236534.381172265 0.42500000000000004 11610674.37530383 0.42500000000000004 11313572.57206568 0.42500000000000004 6236534.381172265 0.42500000000000004 12024381.246951716 0.42500000000000004 11320818.220518382
0.475 6251857.668557414 0.475 7956509.580458936 0.475 10008268.465783713 0.475 6251857.668557414 0.475 10056379.600571629 0.475 10546453.647977835 0.475 6251857.668557414 0.475 10281972.033006536 0.475 10489891.898979696 0.475 6251857.668557414 0.475 10391391.912562476 0.475 10434704.503727809 0.475 6251857.668557414 0.475 10763495.541985175 0.475 10444428.869353328
0.525 6386376.819816494 0.525 6885651.121415113 0.525 10789747.906079683 0.525 6386376.819816494 0.525 8870138.020166283 0.525 11246881.933193166 0.525 6386376.819816494 0.525 9066078.01661393 0.525 11188273.239285702 0.525 6386376.819816494 0.525 9167000.861720378 0.525 11128799.955920292 0.525 6386376.819816494 0.525 9496474.673617173 0.525 11136696.734326752
0.5750000000000001 6802478.413073751 0.5750000000000001 5822474.518715742 0.5750000000000001 11348378.426758967 0.5750000000000001 6802478.413073751 0.5750000000000001 7582003.971171106 0.5750000000000001 11868287.941784518 0.5750000000000001 6802478.413073751 0.5750000000000001 7749656.566073241 0.5750000000000001 11806459.041748838 0.5750000000000001 6802478.413073751 0.5750000000000001 7831242.338611597 0.5750000000000001 11744939.658196134 0.5750000000000001 6802478.413073751 0.5750000000000001 8114130.682158177 0.5750000000000001 11757434.164935997
0.6250000000000001 6895368.836975012 0.6250000000000001 5049436.903711363 0.6250000000000001 11231156.969595265 0.6250000000000001 6895368.836975012 0.6250000000000001 6545359.647137682 0.6250000000000001 11701636.441119015 0.6250000000000001 6895368.836975012 0.6250000000000001 6687344.882063264 0.6250000000000001 11640617.146565713 0.6250000000000001 6895368.836975012 0.6250000000000001 6754210.75790592 0.6250000000000001 11581351.323168766 0.6250000000000001 6895368.836975012 0.6250000000000001 7001925.813959446 0.6250000000000001 11601370.530905938
0.675 6482205.8222547425 0.675 4543806.013185173 0.675 10556343.845350076 0.675 6482205.8222547425 0.675 5818086.902444876 0.675 11097860.443733761 0.675 6482205.8222547425 0.675 5942670.336106934 0.675 11038692.574072327 0.675 6482205.8222547425 0.675 5998149.569400378 0.675 10983291.002090607 0.675 6482205.8222547425 0.675 6223475.706083224 0.675 11007889.246591354
0.7250000000000001 6694113.490369764 0.7250000000000001 3979976.2592661083 0.7250000000000001 9791400.161437856 0.7250000000000001 6694113.490369764 0.7250000000000001 5048369.84605652 0.7250000000000001 10288817.978180364 0.7250000000000001 6694113.490369764 0.7250000000000001 5160344.889902571 0.7250000000000001 10234249.219887897 0.7250000000000001 6694113.490369764 0.7250000000000001 5206504.230685023 0.7250000000000001 10182706.68025582 0.7250000000000001 6694113.490369764 0.7250000000000001 5405925.530963563 0.7250000000000001 10224344.728870716
0.775 6499441.02125289 0.775 3469765.8935950776 0.775 8937433.40947892 0.775 6499441.02125289 0.775 4430236.939881731 0.775 9411978.055382049 0.775 6499441.02125289 0.775 4529263.5310208835 0.775 9362709.017703949 0.775 6499441.02125289 0.775 4565963.768909223 0.775 9313822.840226235 0.775 6499441.02125289 0.775 4745891.371771007 0.775 9345068.542969627
0.8250000000000001 6901427.359530647 0.8250000000000001 3408058.290318669 0.8250000000000001 8646267.565292172 0.8250000000000001 6901427.359530647 0.8250000000000001 4333707.896068341 0.8250000000000001 9163199.88702702 0.8250000000000001 6901427.359530647 0.8250000000000001 4427970.411581611 0.8250000000000001 9116685.708474103 0.8250000000000001 6901427.359530647 0.8250000000000001 4452819.853914373 0.8250000000000001 9067977.744151592 0.8250000000000001 6901427.359530647 0.8250000000000001 4630203.804677376 0.8250000000000001 9108237.97997468
0.8750000000000001 6270950.248774129 0.8750000000000001 3490508.673834693 0.8750000000000001 8902343.12360268 0.8750000000000001 6270950.248774129 0.8750000000000001 4486433.6662951475 0.8750000000000001 9357002.996930173 0.8750000000000001 6270950.248774129 0.8750000000000001 4586811.444074848 0.8750000000000001 9310137.339888634 0.8750000000000001 6270950.248774129 0.8750000000000001 4604438.977480481 0.8750000000000001 9261107.67850157 0.8750000000000001 6270950.248774129 0.8750000000000001 4785455.123280864 0.8750000000000001 9303611.965886204
0.925 5767433.032986052 0.925 3344599.392320302 0.925 9181084.569500078 0.925 5767433.032986052 0.925 4442996.275759112 0.925 9659044.512258245 0.925 5767433.032986052 0.925 4540939.007242965 0.925 9611036.00443273 0.925 5767433.032986052 0.925 4541668.695990591 0.925 9561463.985297872 0.925 5767433.032986052 0.925 4719451.320377582 0.925 9613519.546963206
0.9750000000000001 5534547.834720542 0.9750000000000001 3009883.884235249 0.9750000000000001 10174453.558341589 0.9750000000000001 5534547.834720542 0.9750000000000001 4118801.0281271124 0.9750000000000001 10628598.958097473 0.9750000000000001 5534547.834720542 0.9750000000000001 4206365.772693365 0.9750000000000001 10574220.711969608 0.9750000000000001 5534547.834720542 0.9750000000000001 4202275.538320121 0.9750000000000001 10521257.833993526 0.9750000000000001 5534547.834720542 0.9750000000000001 4365040.595473721 0.9750000000000001 10575196.314400395
1.025 5638702.224892033 1.025 2956743.2387604113 1.025 10653891.326955767 1.025 5638702.224892033 1.025 4100333.2004702343 1.025 11134312.295730656 1.025 5638702.224892033 1.025 4185117.032441951 1.025 11076348.265612062 1.025 5638702.224892033 1.025 4177848.7213771343 1.025 11021705.198830767 1.025 5638702.224892033 1.025 4337201.9540756345 1.025 11054405.62099393
1.075 5144048.955340985 1.075 3347395.7459917767 1.075 9985693.436625125 1.075 5144048.955340985 1.075 4516468.310674665 1.075 10496391.85273567 1.075 5144048.955340985 1.075 4614092.940278829 1.075 10442327.445535602 1.075 5144048.955340985 1.075 4615119.763075394 1.075 10389495.055421427 1.075 5144048.955340985 1.075 4784000.424685684 1.075 10417825.269768246
1.125 5275092.631449648 1.125 3572024.5377870053 1.125 9161815.036978161 1.125 5275092.631449648 1.125 4712354.975891459 1.125 9740238.808167215 1.125 5275092.631449648 1.125 4814095.338897655 1.125 9690398.355967352 1.125 5275092.631449648 1.125 4821725.637989318 1.125 9639557.448696472 1.125 5275092.631449648 1.125 4993681.641282694 1.125 9673212.005853677
1.175 5490611.659570644 1.175 3582618.1856691963 1.175 9481169.133280043 1.175 5490611.659570644 1.175 4670348.213527075 1.175 10037370.577403786 1.175 5490611.659570644 1.175 4771170.035664792 1.175 9986281.486123422 1.175 5490611.659570644 1.175 4774238.410303449 1.175 9932348.140316064 1.175 5490611.659570644 1.175 4944115.046527191 1.175 9963006.799691588
1.225 5386804.936649281 1.225 3678279.959831899 1.225 9662039.92212282 1.225 5386804.936649281 1.225 4725068.166700426 1.225 10244896.458279952 1.225 5386804.936649281 1.225 4826527.782816077 1.225 10193332.034092115 1.225 5386804.936649281 1.225 4835487.209803806 1.225 10138477.963773878 1.225 5386804.936649281 1.225 5005077.726356918 1.225 10151293.716415616
1.275 5046007.490978248 1.275 4021407.1554222736 1.275 9090500.227196913 1.275 5046007.490978248 1.275 5099005.861560664 1.275 9738305.587531572 1.275 5046007.490978248 1.275 5204644.0467834165 1.275 9687495.272798574 1.275 5046007.490978248 1.275 5220844.258360383 1.275 9637436.921349643 1.275 5046007.490978248 1.275 5405635.313974301 1.275 9645771.582311148
1.325 5304238.352330595 1.325 4403688.392624318 1.325 8037497.207870863 1.325 5304238.352330595 1.325 5580602.906756111 1.325 8570135.350614306 1.325 5304238.352330595 1.325 5696629.868806453 1.325 8523814.189025257 1.325 5304238.352330595 1.325 5725436.917225137 1.325 8482641.406621339 1.325 5304238.352330595 1.325 5929003.582826121 1.325 8497828.718723511
1.375 5265172.57060198 1.375 4413494.479609324 1.375 6891140.319133598 1.375 5265172.57060198 1.375 5604966.555701043 1.375 7434088.669930255 1.375 5265172.57060198 1.375 5723016.980421336 1.375 7393766.106904662 1.375 5265172.57060198 1.375 5761082.491109154 1.375 7360340.992043207 1.375 5265172.57060198 1.375 5966381.366383303 1.375 7380437.392512158
1.425 5257902.64658255 1.425 4317325.360998951 1.425 6337954.230194311 1.425 5257902.64658255 1.425 5521251.490000725 1.425 6760927.375553141 1.425 5257902.64658255 1.425 5640232.533787667 1.425 6725423.610007639 1.425 5257902.64658255 1.425 5680067.390364209 1.425 6693653.437949272 1.425 5257902.64658255 1.425 5883317.065475373 1.425 6713953.658697862
1.475 4964643.254992068 1.475 4508197.706417742 1.475 6911862.203284293 1.475 4964643.254992068 1.475 5798427.006118182 1.475 7341486.781551742 1.475 4964643.254992068 1.475 5925002.854563509 1.475 7304036.492323079 1.475 4964643.254992068 1.475 5975039.663037348 1.475 7265372.927512396 1.475 4964643.254992068 1.475 6190230.405489965 1.475 7290230.294412982
1.525 5240290.478072822 1.525 5009075.665000218 1.525 7397064.989280691 1.525 5240290.478072822 1.525 6469317.942755334 1.525 7800328.10453164 1.525 5240290.478072822 1.525 6609563.606924041 1.525 7761101.409076847 1.525 5240290.478072822 1.525 6672523.586985844 1.525 7718238.791911506 1.525 5240290.478072822 1.525 6912935.7487135 1.525 7748762.207151722
1.575 5291958.995671058 1.575 5350667.16054927 1.575 8372029.09960384 1.575 5291958.995671058 1.575 6833434.409008481 1.575 8807034.47883001 1.575 5291958.995671058 1.575 6981485.403299262 1.575 8762101.143965507 1.575 5291958.995671058 1.575 7053065.735482118 1.575 8714455.26139887 1.575 5291958.995671058 1.575 7307014.541651692 1.575 8764213.301337004
1.625 5573582.213287981 1.625 4992053.318775292 1.625 8997049.995701013 1.625 5573582.213287981 1.625 6355444.026883883 1.625 9476068.057915218 1.625 5573582.213287981 1.625 6487731.121569701 1.625 9426760.787554411 1.625 5573582.213287981 1.625 6558559.636706539 1.625 9378579.225207977 1.625 5573582.213287981 1.625 6793853.193608482 1.625 9432060.424448106
1.675 5845621.749029876 1.675 4421012.550327204 1.675 10015982.613723848 1.675 5845621.749029876 1.675 5643847.843641091 1.675 10559135.229708895 1.675 5845621.749029876 1.675 5759387.345328133 1.675 10504481.4686952 1.675 5845621.749029876 1.675 5820210.327962297 1.675 10453676.257394025 1.675 5845621.749029876 1.675 6031009.7509649 1.675 10496160.282621387
1.725 6026722.618187655 1.725 4381894.775289925 1.725 11512869.366466152 1.725 6026722.618187655 1.725 5512653.936295894 1.725 12089205.469534865 1.725 6026722.618187655 1.725 5630230.934688976 1.725 12028764.47660082 1.725 6026722.618187655 1.725 5687559.519191298 1.725 11970864.606232787 1.725 6026722.618187655 1.725 5893082.246611222 1.725 12034689.435387522
1.775 6001892.045371477 1.775 4494097.420451751 1.775 12107503.32876648 1.775 6001892.045371477 1.775 5666590.246982038 1.775 12665548.90690902 1.775 6001892.045371477 1.775 5789977.660832954 1.775 12602282.032136135 1.775 6001892.045371477 1.775 5847881.548358027 1.775 12539136.297669759 1.775 6001892.045371477 1.775 6056187.252234429 1.775 12596383.334609134
1.825 6125337.972059176 1.825 4269734.705488872 1.825 12341674.86077491 1.825 6125337.972059176 1.825 5359227.212002094 1.825 12953327.272178525 1.825 6125337.972059176 1.825 5474736.028179478 1.825 12886982.864071803 1.825 6125337.972059176 1.825 5526658.696646584 1.825 12818645.353465354 1.825 6125337.972059176 1.825 5724154.198440491 1.825 12871203.702500658
1.875 6357489.3505056 1.875 3598568.7351845596 1.875 11448275.638079919 1.875 6357489.3505056 1.875 4498400.273980292 1.875 12007176.587369423 1.875 6357489.3505056 1.875 4591013.015776655 1.875 11943816.824468372 1.875 6357489.3505056 1.875 4634911.446542784 1.875 11878745.635553949 1.875 6357489.3505056 1.875 4799874.054663951 1.875 11915659.399601445
1.925 6135540.422388767 1.925 3090808.0968710915 1.925 11099400.536784587 1.925 6135540.422388767 1.925 3918388.7784207202 1.925 11627602.627687272 1.925 6135540.422388767 1.925 3992264.6879715985 1.925 11565480.513177393 1.925 6135540.422388767 1.925 4026188.434256318 1.925 11504379.23257968 1.925 6135540.422388767 1.925 4169533.19981418 1.925 11540854.158971488
1.975 6075920.22875529 1.975 3062361.054907941 1.975 10208443.112265754 1.975 6075920.22875529 1.975 3912723.1646715486 1.975 10674645.912401803 1.975 6075920.22875529 1.975 3985218.4598546424 1.975 10618879.98232637 1.975 6075920.22875529 1.975 4014611.8964934703 1.975 10564926.280145453 1.975 6075920.22875529 1.975 4156201.63251105 1.975 10594749.239108356
2.025 5606488.926288392 2.025 3264985.7168438393 2.025 10970702.117133364 2.025 5606488.926288392 2.025 4180720.711528727 2.025 11383262.232501158 2.025 5606488.926288392 2.025 4261600.583567289 2.025 11326250.45833322 2.025 5606488.926288392 2.025 4286913.726866701 2.025 11270618.37613332 2.025 5606488.926288392 2.025 4437838.741569669 2.025 11284835.80767498
2.075 5376925.202118568 2.075 3109566.3130903603 2.075 10954747.022722438 2.075 5376925.202118568 2.075 4038687.4649698655 2.075 11364167.98624576 2.075 5376925.202118568 2.075 4114635.6277585644 2.075 11308384.81422884 2.075 5376925.202118568 2.075 4133344.6983368215 2.075 11252962.187307525 2.075 5376925.202118568 2.075 4279138.770628838 2.075 11258980.586564565
2.125 5644963.6160864 2.125 2777825.5887548244 2.125 12247312.805457756 2.125 5644963.6160864 2.125 3587469.856297592 2.125 12684824.307889825 2.125 5644963.6160864 2.125 3652069.6879355763 2.125 12621081.455414718 2.125 5644963.6160864 2.125 3661580.4761170633 2.125 12556267.212334702 2.125 5644963.6160864 2.125 3791367.7238552407 2.125 12558870.90970134
2.175 5474464.985092846 2.175 2733243.1944238963 2.175 13336117.716041323 2.175 5474464.985092846 2.175 3487318.9991666507 2.175 13810264.507791467 2.175 5474464.985092846 2.175 3554432.7731327564 2.175 13738208.970078329 2.175 5474464.985092846 2.175 3564666.4276587274 2.175 13665205.504507165 2.175 5474464.985092846 2.175 3692988.212455164 2.175 13666238.290358832
2.225 5964456.485474926 2.225 2909406.893574867 2.225 13072646.709375488 2.225 5964456.485474926 2.225 3698500.8170907833 2.225 13530537.785973731 2.225 5964456.485474926 2.225 3767689.66374743 2.225 13458630.409168059 2.225 5964456.485474926 2.225 3782059.7567347907 2.225 13387093.87726071 2.225 5964456.485474926 2.225 3920702.251907875 2.225 13391387.661635632
2.275 5792199.121590824 2.275 3185825.253857234 2.275 15657929.457675371 2.275 5792199.121590824 2.275 3986829.680236134 2.275 16198415.406991879 2.275 5792199.121590824 2.275 4066885.868458929 2.275 16113225.524287237 2.275 5792199.121590824 2.275 4084988.719024182 2.275 16029560.338272808 2.275 5792199.121590824 2.275 4235179.859470201 2.275 16036240.125310678
2.325 5624027.356714947 2.325 3275881.89667931 2.325 15018071.811768742 2.325 5624027.356714947 2.325 4102740.966453167 2.325 15537089.114970341 2.325 5624027.356714947 2.325 4188839.2947523003 2.325 15456521.277599497 2.325 5624027.356714947 2.325 4207131.024473028 2.325 15378242.454754012 2.325 5624027.356714947 2.325 4364694.694592699 2.325 15395032.085698614
2.375 5598105.757408105 2.375 3522319.8109578504 2.375 14910147.336977119 2.375 5598105.757408105 2.375 4448351.993416301 2.375 15394730.578707539 2.375 5598105.757408105 2.375 4542861.237444866 2.375 15315191.032326184 2.375 5598105.757408105 2.375 4562720.893989524 2.375 15238257.142824411 2.375 5598105.757408105 2.375 4734899.179266835 2.375 15261494.912114935
2.4250000000000003 5651438.010766704 2.4250000000000003 3952192.5224349024 2.4250000000000003 15393061.18080664 2.4250000000000003 5651438.010766704 2.4250000000000003 4914797.300313073 2.4250000000000003 15957529.23764419 2.4250000000000003 5651438.010766704 2.4250000000000003 5016089.900697657 2.4250000000000003 15874960.878853645 2.4250000000000003 5651438.010766704 2.4250000000000003 5046819.776715275 2.4250000000000003 15794199.493394831 2.4250000000000003 5651438.010766704 2.4250000000000003 5235912.738831629 2.4250000000000003 15832769.19451017
2.475 5386740.066730301 2.475 4223812.645543399 2.475 15735673.034930065 2.475 5386740.066730301 2.475 5322196.89619777 2.475 16307184.439507503 2.475 5386740.066730301 2.475 5433887.196806959 2.475 16221811.690274257 2.475 5386740.066730301 2.475 5474837.346108489 2.475 16137427.632047052 2.475 5386740.066730301 2.475 5677307.825525986 2.475 16173787.108203849
2.525 5243876.477589228 2.525 4336774.670999828 2.525 16572250.725867372 2.525 5243876.477589228 2.525 5490379.600133431 2.525 17209379.058042612 2.525 5243876.477589228 2.525 5605212.740059442 2.525 17117592.417844206 2.525 5243876.477589228 2.525 5654446.447842161 2.525 17026274.74721205 2.525 5243876.477589228 2.525 5861705.673218673 2.525 17062423.7798808
2.575 5325814.520436006 2.575 4133528.3969851057 2.575 15175200.967522593 2.575 5325814.520436006 2.575 5194138.188359387 2.575 15837478.97653217 2.575 5325814.520436006 2.575 5300327.002156891 2.575 15753405.262528982 2.575 5325814.520436006 2.575 5349335.39418989 2.575 15669789.862668106 2.575 5325814.520436006 2.575 5542990.769626396 2.575 15720113.41554793
2.625 5290269.66546656 2.625 4001373.026988994 2.625 16179517.759839626 2.625 5290269.66546656 2.625 5027856.740293858 2.625 16860681.8466728 2.625 5290269.66546656 2.625 5136645.058128801 2.625 16772538.151131116 2.625 5290269.66546656 2.625 5182533.382251278 2.625 16686549.719074823 2.625 5290269.66546656 2.625 5368320.047898713 2.625 16731628.336318634
2.6750000000000003 5207175.457649928 2.6750000000000003 4116185.6852926193 2.6750000000000003 15933059.920521902 2.6750000000000003 5207175.457649928 2.6750000000000003 5235142.481703413 2.6750000000000003 16641955.484084146 2.6750000000000003 5207175.457649928 2.6750000000000003 5346932.569015845 2.6750000000000003 16555952.363798222 2.6750000000000003 5207175.457649928 2.6750000000000003 5395627.522437079 2.6750000000000003 16472807.5016888 2.6750000000000003 5207175.457649928 2.6750000000000003 5587530.712784529 2.6750000000000003 16511586.807037804
2.725 5411751.115515115 2.725 4248501.770323816 2.725 14215860.524413276 2.725 5411751.115515115 2.725 5291085.023308457 2.725 14960441.503903162 2.725 5411751.115515115 2.725 5404323.009835133 2.725 14882969.08221227 2.725 5411751.115515115 2.725 5455717.520395713 2.725 14809022.460659621 2.725 5411751.115515115 2.725 5650712.527297993 2.725 14831380.458350567
2.775 5242247.244549311 2.775 4431996.873396837 2.775 15041238.717245137 2.775 5242247.244549311 2.775 5561057.523900817 2.775 15826759.10385803 2.775 5242247.244549311 2.775 5684093.033957687 2.775 15743645.851106465 2.775 5242247.244549311 2.775 5742198.229903184 2.775 15664119.281477196 2.775 5242247.244549311 2.775 5945568.225298474 2.775 15688732.892027138
2.825 4854234.882503822 2.825 4765644.208532722 2.825 15686113.780278591 2.825 4854234.882503822 2.825 6068168.447175174 2.825 16445577.876207707 2.825 4854234.882503822 2.825 6201871.819634725 2.825 16358460.6054112 2.825 4854234.882503822 2.825 6269726.345722381 2.825 16271576.3444451 2.825 4854234.882503822 2.825 6493623.373271301 2.825 16291137.914176516
2.875 4564100.622151814 2.875 5123406.6787712565 2.875 15908237.159432387 2.875 4564100.622151814 2.875 6474076.162120927 2.875 16675770.181918435 2.875 4564100.622151814 2.875 6617492.608421978 2.875 16587905.968908966 2.875 4564100.622151814 2.875 6692253.9653409505 2.875 16498028.71815239 2.875 4564100.622151814 2.875 6932972.607347199 2.875 16508700.742595855
2.9250000000000003 4771565.821621778 2.9250000000000003 5127017.825052354 2.9250000000000003 15542069.685825672 2.9250000000000003 4771565.821621778 2.9250000000000003 6529544.181043986 2.9250000000000003 16313279.744467093 2.9250000000000003 4771565.821621778 2.9250000000000003 6675228.73396665 2.9250000000000003 16229897.26364103 2.9250000000000003 4771565.821621778 2.9250000000000003 6751185.906546051 2.9250000000000003 16143175.138219906 2.9250000000000003 4771565.821621778 2.9250000000000003 6998809.5641114125 2.9250000000000003 16144929.703069232
2.975 4709803.086709519 2.975 4999526.341436706 2.975 16088471.55508794 2.975 4709803.086709519 2.975 6483155.310975689 2.975 16798526.568540744 2.975 4709803.086709519 2.975 6627761.545441999 2.975 16713614.596029365 2.975 4709803.086709519 2.975 6702673.400340118 2.975 16627176.350141577 2.975 4709803.086709519 2.975 6950558.517521141 2.975 16627540.909220673
3.025 4940367.375028431 3.025 5343504.743543276 3.025 16536651.088837268 3.025 4940367.375028431 3.025 6881692.295073371 3.025 17256146.775234327 3.025 4940367.375028431 3.025 7032313.902639248 3.025 17168049.107545514 3.025 4940367.375028431 3.025 7111622.82269333 3.025 17082599.659881465 3.025 4940367.375028431 3.025 7376935.4835300855 3.025 17082474.248930503
3.075 4946117.386701818 3.075 6326868.591960218 3.075 15799459.283314215 3.075 4946117.386701818 3.075 8097906.778810867 3.075 16404742.852110216 3.075 4946117.386701818 3.075 8272786.339988333 3.075 16318913.964970157 3.075 4946117.386701818 3.075 8366131.000697853 3.075 16238524.362148201 3.075 4946117.386701818 3.075 8681118.299303886 3.075 16240763.898849776
3.125 5199668.546309692 3.125 7010930.357149494 3.125 15697741.506466974 3.125 5199668.546309692 3.125 8963332.757460233 3.125 16266086.782762233 3.125 5199668.546309692 3.125 9160293.491205547 3.125 16179957.503303627 3.125 5199668.546309692 3.125 9263362.80679983 3.125 16097583.695076007 3.125 5199668.546309692 3.125 9609287.45793028 3.125 16103566.789166775
3.1750000000000003 5201982.963070917 3.1750000000000003 6701976.568605694 3.1750000000000003 16744171.673426537 3.1750000000000003 5201982.963070917 3.1750000000000003 8460328.84318872 3.1750000000000003 17434265.50314381 3.1750000000000003 5201982.963070917 3.1750000000000003 8644745.254957577 3.1750000000000003 17343071.086215887 3.1750000000000003 5201982.963070917 3.1750000000000003 8743501.039260244 3.1750000000000003 17251112.860185623 3.1750000000000003 5201982.963070917 3.1750000000000003 9069973.748189572 3.1750000000000003 17258662.30834317
3.225 5021117.629800832 3.225 6345459.630619288 3.225 15977352.857921662 3.225 5021117.629800832 3.225 8013322.614229536 3.225 16583422.742195092 3.225 5021117.629800832 3.225 8187964.561027419 3.225 16497837.900393156 3.225 5021117.629800832 3.225 8279072.843540535 3.225 16409521.613961868 3.225 5021117.629800832 3.225 8582387.800563034 3.225 16429659.721097918
3.275 4922810.115986235 3.275 6500256.258508366 3.275 15643966.101833496 3.275 4922810.115986235 3.275 8229509.0553110875 3.275 16225568.859803287 3.275 4922810.115986235 3.275 8413367.249248367 3.275 16143035.657844298 3.275 4922810.115986235 3.275 8507453.240912277 3.275 16058050.383209338 3.275 4922810.115986235 3.275 8815505.877954502 3.275 16079195.00884221
3.325 4933675.243127988 3.325 6969972.182437383 3.325 14807186.145073976 3.325 4933675.243127988 3.325 8773465.132679649 3.325 15374519.872558268 3.325 4933675.243127988 3.325 8967227.06705772 3.325 15295038.118229842 3.325 4933675.243127988 3.325 9068557.626901107 3.325 15216987.051621053 3.325 4933675.243127988 3.325 9393325.270940108 3.325 15248394.630662281
3.375 4821668.682151057 3.375 7095471.764170387 3.375 14797550.052032502 3.375 4821668.682151057 3.375 8932818.60715136 3.375 15272370.772273965 3.375 4821668.682151057 3.375 9130813.794081446 3.375 15191072.940221034 3.375 4821668.682151057 3.375 9235046.605949854 3.375 15115962.282887556 3.375 4821668.682151057 3.375 9563766.39198238 3.375 15147549.353777578
3.4250000000000003 4756105.465002401 3.4250000000000003 6874616.569940539 3.4250000000000003 13803147.23838084 3.4250000000000003 4756105.465002401 3.4250000000000003 8837353.13625158 3.4250000000000003 14136250.771982597 3.4250000000000003 4756105.465002401 3.4250000000000003 9032013.566418039 3.4250000000000003 14061633.174716178 3.4250000000000003 4756105.465002401 3.4250000000000003 9134899.901629297 3.4250000000000003 13991866.236028438 3.4250000000000003 4756105.465002401 3.4250000000000003 9461128.984685592 3.4250000000000003 14025980.474469602
3.475 4837758.857039173 3.475 6765304.366136416 3.475 11939146.360891232 3.475 4837758.857039173 3.475 8742149.83773385 3.475 12221618.299868856 3.475 4837758.857039173 3.475 8935371.576467352 3.475 12158276.900147168 3.475 4837758.857039173 3.475 9035607.344814733 3.475 12095320.733071594 3.475 4837758.857039173 3.475 9358771.827216264 3.475 12130903.284078322
3.525 4899803.610988702 3.525 6828059.704198842 3.525 11114266.375685895 3.525 4899803.610988702 3.525 8865488.83351538 3.525 11308665.292723626 3.525 4899803.610988702 3.525 9056421.191431371 3.525 11251606.160796037 3.525 4899803.610988702 3.525 9156742.563167663 3.525 11191490.613132782 3.525 4899803.610988702 3.525 9485570.869442726 3.525 11218531.96579279
3.575 4812781.428589389 3.575 6937505.194264983 3.575 9411691.238795327 3.575 4812781.428589389 3.575 9059195.03219456 3.575 9517563.282406889 3.575 4812781.428589389 3.575 9257580.12413998 3.575 9470222.725466475 3.575 4812781.428589389 3.575 9360339.06343248 3.575 9420211.977455443 3.575 4812781.428589389 3.575 9698017.89632203 3.575 9454562.832000932
3.625 5195662.496563895 3.625 6822671.804477696 3.625 9406524.716609448 3.625 5195662.496563895 3.625 8846537.196044844 3.625 9582325.26658305 3.625 5195662.496563895 3.625 9044817.322730714 3.625 9534768.65270016 3.625 5195662.496563895 3.625 9146240.886903545 3.625 9485824.982868401 3.625 5195662.496563895 3.625 9474784.82350486 3.625 9512636.246926457
3.6750000000000003 5069551.109677875 3.6750000000000003 6925232.406984865 3.6750000000000003 9121732.969167287 3.6750000000000003 5069551.109677875 3.6750000000000003 8898478.804986324 3.6750000000000003 9312994.596608486 3.6750000000000003 5069551.109677875 3.6750000000000003 9097598.909821315 3.6750000000000003 9265067.36726702 3.6750000000000003 5069551.109677875 3.6750000000000003 9200649.001792207 3.6750000000000003 9219385.431100862 3.6750000000000003 5069551.109677875 3.6750000000000003 9530183.200285358 3.6750000000000003 9232158.363979887
3.725 5059587.251204794 3.725 7546249.286401697 3.725 8917926.508734519 3.725 5059587.251204794 3.725 9633622.410268323 3.725 9137967.339231843 3.725 5059587.251204794 3.725 9848517.797781898 3.725 9090595.542656329 3.725 5059587.251204794 3.725 9958842.47711321 3.725 9045518.519582119 3.725 5059587.251204794 3.725 10314294.464757385 3.725 9062421.39916813
3.775 5392541.420481266 3.775 8020721.09207578 3.775 8888833.380291013 3.775 5392541.420481266 3.775 10160451.719493749 3.775 9134947.064595666 3.775 5392541.420481266 3.775 10382314.398882186 3.775 9088904.956801344 3.775 5392541.420481266 3.775 10498400.438933482 3.775 9042099.36399273 3.775 5392541.420481266 3.775 10873800.5311571 3.775 9047356.58678091
3.825 5904364.740113373 3.825 7797332.188380346 3.825 9957877.351741957 3.825 5904364.740113373 3.825 9883862.31484615 3.825 10207523.054603089 3.825 5904364.740113373 3.825 10106074.91616759 3.825 10156589.401810603 3.825 5904364.740113373 3.825 10216233.697948169 3.825 10102609.269750506 3.825 5904364.740113373 3.825 10582448.193870114 3.825 10108344.018726036
3.875 5563529.292175475 3.875 7333868.325735886 3.875 10899874.950240634 3.875 5563529.292175475 3.875 9302819.32481237 3.875 11215099.167632205 3.875 5563529.292175475 3.875 9508753.396631077 3.875 11158158.794268077 3.875 5563529.292175475 3.875 9611855.438899994 3.875 11098466.464837419 3.875 5563529.292175475 3.875 9959192.488595841 3.875 11096312.817852266
3.9250000000000003 5594135.892191409 3.9250000000000003 7072585.892056687 3.9250000000000003 10404306.15209218 3.9250000000000003 5594135.892191409 3.9250000000000003 9059427.487318557 3.9250000000000003 10681125.602945598 3.9250000000000003 5594135.892191409 3.9250000000000003 9256031.860672293 3.9250000000000003 10625926.542836681 3.9250000000000003 5594135.892191409 3.9250000000000003 9354304.831683733 3.9250000000000003 10570476.59169919 3.9250000000000003 5594135.892191409 3.9250000000000003 9694686.821879812 3.9250000000000003 10572954.024340987
3.975 5444825.172507537 3.975 7117113.29839805 3.975 10297715.838560691 3.975 5444825.172507537 3.975 9169892.466975752 3.975 10584067.604440227 3.975 5444825.172507537 3.975 9368298.544254247 3.975 10528309.328424001 3.975 5444825.172507537 3.975 9470079.208548306 3.975 10476202.650202539 3.975 5444825.172507537 3.975 9816934.368269918 3.975 10477051.55157074
4.025 5622274.062372759 4.025 6943627.180751223 4.025 9917409.604037961 4.025 5622274.062372759 4.025 9110394.978955474 4.025 10111591.452310612 4.025 5622274.062372759 4.025 9308916.298295863 4.025 10057663.824659323 4.025 5622274.062372759 4.025 9408362.042834878 4.025 10008437.305697484 4.025 5622274.062372759 4.025 9752203.00903815 4.025 10016135.461180372
4.075 5439023.479295047 4.075 6686280.736794678 4.075 10115250.116482917 4.075 5439023.479295047 4.075 8861153.393355919 4.075 10311985.057938067 4.075 5439023.479295047 4.075 9059017.074939044 4.075 10258215.982571505 4.075 5439023.479295047 4.075 9153894.09054279 4.075 10207634.947762234 4.075 5439023.479295047 4.075 9487098.37695719 4.075 10222427.42181826
4.125000000000001 5224883.098419694 4.125000000000001 6716417.897534897 4.125000000000001 10500522.28434114 4.125000000000001 5224883.098419694 4.125000000000001 8771984.581285443 4.125000000000001 10728768.522132566 4.125000000000001 5224883.098419694 4.125000000000001 8965444.626423707 4.125000000000001 10673416.02397105 4.125000000000001 5224883.098419694 4.125000000000001 9058595.809190093 4.125000000000001 10618934.82318987 4.125000000000001 5224883.098419694 4.125000000000001 9387977.333624052 4.125000000000001 10625035.02939586
4.175000000000001 5306805.4956169715 4.175000000000001 6735456.950657709 4.175000000000001 11069466.7639469 4.175000000000001 5306805.4956169715 4.175000000000001 8744297.415479712 4.175000000000001 11358872.225742025 4.175000000000001 5306805.4956169715 4.175000000000001 8936954.692999447 4.175000000000001 11300002.047189737 4.175000000000001 5306805.4956169715 4.175000000000001 9030684.401154855 4.175000000000001 11240035.984466186 4.175000000000001 5306805.4956169715 4.175000000000001 9356988.018398294 4.175000000000001 11258014.949472032
4.2250000000000005 5482676.587053874 4.2250000000000005 6488984.3679407565 4.2250000000000005 11377338.932614498 4.2250000000000005 5482676.587053874 4.2250000000000005 8310287.68019015 4.2250000000000005 11717123.482912239 4.2250000000000005 5482676.587053874 4.2250000000000005 8490922.105798196 4.2250000000000005 11655089.902550703 4.2250000000000005 5482676.587053874 4.2250000000000005 8580948.336038902 4.2250000000000005 11592932.667252019 4.2250000000000005 5482676.587053874 4.2250000000000005 8889643.581068758 4.2250000000000005 11614732.236399092
4.275 5624047.537592579 4.275 6022835.405468552 4.275 12759294.900454056 4.275 5624047.537592579 4.275 7630216.058942867 4.275 13086627.492462117 4.275 5624047.537592579 4.275 7791667.778708228 4.275 13017410.878542477 4.275 5624047.537592579 4.275 7875115.421163613 4.275 12950385.985423643 4.275 5624047.537592579 4.275 8156552.736404891 4.275 12976002.065716121
4.325 5690911.748005277 4.325 5840218.9844304435 4.325 13790955.23952027 4.325 5690911.748005277 4.325 7494659.199564862 4.325 14147018.349398412 4.325 5690911.748005277 4.325 7650367.868198249 4.325 14072453.375138167 4.325 5690911.748005277 4.325 7732865.884500908 4.325 14001433.702509178 4.325 5690911.748005277 4.325 8010095.396573385 4.325 14023710.185845317
4.375000000000001 5830641.277413974 4.375000000000001 6026570.980899736 4.375000000000001 14656953.392786115 4.375000000000001 5830641.277413974 4.375000000000001 7755336.763044675 4.375000000000001 14987734.277288666 4.375000000000001 5830641.277413974 4.375000000000001 7921249.667919602 4.375000000000001 14910317.821059769 4.375000000000001 5830641.277413974 4.375000000000001 8009658.036825403 4.375000000000001 14835857.565059835 4.375000000000001 5830641.277413974 4.375000000000001 8296853.387587088 4.375000000000001 14855479.147677263
4.425000000000001 5760034.673401961 4.425000000000001 6226181.79349433 4.425000000000001 13797426.418340119 4.425000000000001 5760034.673401961 4.425000000000001 8037122.132687604 4.425000000000001 14082098.604986211 4.425000000000001 5760034.673401961 4.425000000000001 8215385.463819912 4.425000000000001 14010086.791630128 4.425000000000001 5760034.673401961 4.425000000000001 8305368.820180938 4.425000000000001 13939486.255364621 4.425000000000001 5760034.673401961 4.425000000000001 8602027.860212322 4.425000000000001 13971238.431032361
4.4750000000000005 6136337.7373916665 4.4750000000000005 6087300.291466396 4.4750000000000005 13195269.895601215 4.4750000000000005 6136337.7373916665 4.4750000000000005 8009492.210119349 4.4750000000000005 13364829.006707491 4.4750000000000005 6136337.7373916665 4.4750000000000005 8181132.025907954 4.4750000000000005 13296212.202699123 4.4750000000000005 6136337.7373916665 4.4750000000000005 8273067.51436049 4.4750000000000005 13227498.584961008 4.4750000000000005 6136337.7373916665 4.4750000000000005 8567055.18908236 4.4750000000000005 13250318.934654595
4.525 6396726.45281022 4.525 5591998.265833398 4.525 14523798.693320092 4.525 6396726.45281022 4.525 7491062.06426195 4.525 14676749.904415151 4.525 6396726.45281022 4.525 7648331.082321515 4.525 14600487.248704676 4.525 6396726.45281022 4.525 7730618.975861091 4.525 14522976.158173965 4.525 6396726.45281022 4.525 8005127.5318774 4.525 14539747.22474803
4.575 6518686.573606222 4.575 5468529.607204674 4.575 14223723.941598188 4.575 6518686.573606222 4.575 7405589.62345901 4.575 14361686.150121039 4.575 6518686.573606222 4.575 7559833.417751735 4.575 14286893.860258516 4.575 6518686.573606222 4.575 7645391.877279066 4.575 14212065.89067399 4.575 6518686.573606222 4.575 7915725.2361558555 4.575 14226915.454263836
4.625000000000001 6568397.394205161 4.625000000000001 5852857.078624857 4.625000000000001 14773412.429653345 4.625000000000001 6568397.394205161 4.625000000000001 7953776.879560602 4.625000000000001 14913255.221850263 4.625000000000001 6568397.394205161 4.625000000000001 8115306.40831264 4.625000000000001 14835743.857568078 4.625000000000001 6568397.394205161 4.625000000000001 8210164.881045322 4.625000000000001 14760898.323010022 4.625000000000001 6568397.394205161 4.625000000000001 8501888.549064863 4.625000000000001 14773477.213484075
4.675000000000001 6386185.654072155 4.675000000000001 6161035.015936771 4.675000000000001 14367121.928890843 4.675000000000001 6386185.654072155 4.675000000000001 8218300.579566331 4.675000000000001 14574643.315659154 4.675000000000001 6386185.654072155 4.675000000000001 8393576.211402388 4.675000000000001 14499607.29910694 4.675000000000001 6386185.654072155 4.675000000000001 8489607.875801966 4.675000000000001 14426474.945499988 4.675000000000001 6386185.654072155 4.675000000000001 8790642.031954302 4.675000000000001 14438019.779135115
4.7250000000000005 6402152.25464434 4.7250000000000005 5992016.970755423 4.7250000000000005 15536072.89813127 4.7250000000000005 6402152.25464434 4.7250000000000005 7826763.188951403 4.7250000000000005 15851423.625784276 4.7250000000000005 6402152.25464434 4.7250000000000005 7993186.606130376 4.7250000000000005 15769643.843162574 4.7250000000000005 6402152.25464434 4.7250000000000005 8084932.438305551 4.7250000000000005 15689040.821625745 4.7250000000000005 6402152.25464434 4.7250000000000005 8372480.4532678705 4.7250000000000005 15694266.219215382
4.775 6465111.085270198 4.775 5637459.242153041 4.775 17100978.899163652 4.775 6465111.085270198 4.775 7494747.929968595 4.775 17448073.773527566 4.775 6465111.085270198 4.775 7658204.771947839 4.775 17357058.754866734 4.775 6465111.085270198 4.775 7742440.639205063 4.775 17268643.18825737 4.775 6465111.085270198 4.775 8017793.980509503 4.775 17271716.55317156
4.825000000000001 6349489.667430565 4.825000000000001 6003854.64716742 4.825000000000001 16978084.5741871 4.825000000000001 6349489.667430565 4.825000000000001 7969425.628538431 4.825000000000001 17315878.33284396 4.825000000000001 6349489.667430565 4.825000000000001 8142037.994933922 4.825000000000001 17225654.159637272 4.825000000000001 6349489.667430565 4.825000000000001 8228720.339627333 4.825000000000001 17134274.612228055 4.825000000000001 6349489.667430565 4.825000000000001 8523699.260868631 4.825000000000001 17139482.165113214
4.875000000000001 6987786.419420892 4.875000000000001 6463600.6793249035 4.875000000000001 18403476.661788046 4.875000000000001 6987786.419420892 4.875000000000001 8589788.632238861 4.875000000000001 18768040.455621373 4.875000000000001 6987786.419420892 4.875000000000001 8768177.044234335 4.875000000000001 18671215.63280036 4.875000000000001 6987786.419420892 4.875000000000001 8862427.904469011 4.875000000000001 18572457.380986486 4.875000000000001 6987786.419420892 4.875000000000001 9179282.436857555 4.875000000000001 18577715.869150687
4.925000000000001 7325810.993946417 4.925000000000001 6565607.579846245 4.925000000000001 18875113.87168514 4.925000000000001 7325810.993946417 4.925000000000001 8807217.517788034 4.925000000000001 19220188.76499179 4.925000000000001 7325810.993946417 4.925000000000001 8992971.51916172 4.925000000000001 19121617.44384884 4.925000000000001 7325810.993946417 4.925000000000001 9088044.629856266 4.925000000000001 19025091.625174433 4.925000000000001 7325810.993946417 4.925000000000001 9415875.27379768 4.925000000000001 19023117.168993343
4.9750000000000005 7650819.212847844 4.9750000000000005 6365462.951675157 4.9750000000000005 20979895.275216848 4.9750000000000005 7650819.212847844 4.9750000000000005 8597579.877490545 4.9750000000000005 21378695.06828696 4.9750000000000005 7650819.212847844 4.9750000000000005 8769009.735596625 4.9750000000000005 21268767.973833524 4.9750000000000005 7650819.212847844 4.9750000000000005 8861738.372065315 4.9750000000000005 21161134.61444422 4.9750000000000005 7650819.212847844 4.9750000000000005 9182722.90141131 4.9750000000000005 21163497.356100813
