PRE_x_5_sig_First_SNC PRE_y_5_sig_First_SNC PRE_x_7.5_sig_Per_SNC PRE_y_7.5_sig_Per_SNC PRE_x_10_sig_Per_SNC PRE_y_10_sig_Per_SNC PRE_x_12.5_sig_Per_SNC PRE_y_12.5_sig_Per_SNC PRE_x_15_sig_Per_SNC PRE_y_15_sig_Per_SNC BRN_x_5_sig_First_SNC BRN_y_5_sig_First_SNC BRN_x_7.5_sig_Per_SNC BRN_y_7.5_sig_Per_SNC BRN_x_10_sig_Per_SNC BRN_y_10_sig_Per_SNC BRN_x_12.5_sig_Per_SNC BRN_y_12.5_sig_Per_SNC BRN_x_15_sig_Per_SNC BRN_y_15_sig_Per_SNC PST_x_5_sig_First_SNC PST_y_5_sig_First_SNC PST_x_7.5_sig_Per_SNC PST_y_7.5_sig_Per_SNC PST_x_10_sig_Per_SNC PST_y_10_sig_Per_SNC PST_x_12.5_sig_Per_SNC PST_y_12.5_sig_Per_SNC PST_x_15_sig_Per_SNC PST_y_15_sig_Per_SNC
0.024999999999999994 436.01398686624 0.024999999999999994 436.01398686624 0.024999999999999994 436.01398686624 0.024999999999999994 436.01398686624 0.024999999999999994 436.01398686624 0.024999999999999994 37905.695176972244 0.024999999999999994 47560.92824796809 0.024999999999999994 49594.20329757659 0.024999999999999994 53237.53487592006 0.024999999999999994 56064.39814522201 0.024999999999999994 12216.547943829237 0.024999999999999994 11949.643067146537 0.024999999999999994 12006.38221365892 0.024999999999999994 10703.75434379625 0.024999999999999994 10693.689517042292
0.075 340.69732095107986 0.075 340.69732095107986 0.075 340.69732095107986 0.075 340.69732095107986 0.075 340.69732095107986 0.075 27113.097980433962 0.075 35586.71449163919 0.075 36778.07212666477 0.075 39858.40360435568 0.075 41897.40009384534 0.075 8406.617096072925 0.075 8497.63698196859 0.075 8435.867328758222 0.075 7399.218668338345 0.075 7360.952328633653
0.125 320.6691634075472 0.125 320.6691634075472 0.125 320.6691634075472 0.125 320.6691634075472 0.125 320.6691634075472 0.125 27414.99721930253 0.125 35040.22805050032 0.125 36270.91193972628 0.125 38584.30169122617 0.125 40404.03634050876 0.125 6997.573832018509 0.125 7663.400472444311 0.125 7561.495502164018 0.125 6859.6337834195465 0.125 6933.204279138623
0.17500000000000002 297.43233970989417 0.17500000000000002 297.43233970989417 0.17500000000000002 297.43233970989417 0.17500000000000002 297.43233970989417 0.17500000000000002 297.43233970989417 0.17500000000000002 31850.16354387425 0.17500000000000002 39656.83805108597 0.17500000000000002 40971.992076208575 0.17500000000000002 43398.362669098606 0.17500000000000002 45773.17967061305 0.17500000000000002 7150.6255275732765 0.17500000000000002 7665.34977355602 0.17500000000000002 7888.65550256765 0.17500000000000002 7209.427296996458 0.17500000000000002 7003.895427137266
0.225 280.1753226962169 0.225 280.1753226962169 0.225 280.1753226962169 0.225 280.1753226962169 0.225 280.1753226962169 0.225 31099.392236605945 0.225 39583.14758156751 0.225 41040.65561252571 0.225 43220.17041698583 0.225 45575.96450301239 0.225 6576.54378873957 0.225 7058.314712965968 0.225 7156.822170192463 0.225 6498.516065808705 0.225 6266.311897737885
0.275 264.9288706460472 0.275 264.9288706460472 0.275 264.9288706460472 0.275 264.9288706460472 0.275 264.9288706460472 0.275 36333.383797196344 0.275 47535.28953846513 0.275 48885.22213309673 0.275 51693.04633937892 0.275 54152.014237863674 0.275 7998.048220089188 0.275 7098.323220820477 0.275 7204.701836518448 0.275 6360.740588860507 0.275 6368.929576468799
0.32500000000000007 244.67481906350457 0.32500000000000007 244.67481906350457 0.32500000000000007 244.67481906350457 0.32500000000000007 244.67481906350457 0.32500000000000007 244.67481906350457 0.32500000000000007 32074.11169987256 0.32500000000000007 40540.26530777793 0.32500000000000007 41732.65074744518 0.32500000000000007 43827.47489809717 0.32500000000000007 45705.14005797748 0.32500000000000007 7970.446634206765 0.32500000000000007 7377.3268389877385 0.32500000000000007 7408.9787243149385 0.32500000000000007 6778.792892724879 0.32500000000000007 6838.429791724552
0.375 228.66676406359898 0.375 228.66676406359898 0.375 228.66676406359898 0.375 228.66676406359898 0.375 228.66676406359898 0.375 31046.363552290954 0.375 41670.94492595588 0.375 43027.01574499209 0.375 45479.385081658285 0.375 47985.15497356913 0.375 11108.603083039485 0.375 9695.88794502689 0.375 9979.447015012956 0.375 9231.06345786646 0.375 9102.559817296958
0.42500000000000004 222.80235508460134 0.42500000000000004 222.80235508460134 0.42500000000000004 222.80235508460134 0.42500000000000004 222.80235508460134 0.42500000000000004 222.80235508460134 0.42500000000000004 30652.92984984066 0.42500000000000004 37539.387656012594 0.42500000000000004 38850.82255608747 0.42500000000000004 41664.25320713498 0.42500000000000004 44076.6488749679 0.42500000000000004 6772.834661347589 0.42500000000000004 6987.314624741797 0.42500000000000004 7137.868436897374 0.42500000000000004 6278.0919535335615 0.42500000000000004 6142.052993445896
0.475 220.0945549562116 0.475 220.0945549562116 0.475 220.0945549562116 0.475 220.0945549562116 0.475 220.0945549562116 0.475 33273.04264099079 0.475 44177.45827690934 0.475 45753.769232165694 0.475 48731.80867621715 0.475 51027.99844439066 0.475 8481.297339485638 0.475 7593.381405528193 0.475 7576.020124617464 0.475 6636.2818571087 0.475 6738.567851513502
0.525 206.48272637040074 0.525 206.48272637040074 0.525 206.48272637040074 0.525 206.48272637040074 0.525 206.48272637040074 0.525 28611.166752357723 0.525 36295.84495711596 0.525 37665.99890545639 0.525 39754.3180444677 0.525 41805.948067582736 0.525 6469.334765264117 0.525 7020.34368199231 0.525 7216.07454213059 0.525 6587.5896119971685 0.525 6562.8280615426565
0.5750000000000001 199.32078796423926 0.5750000000000001 199.32078796423926 0.5750000000000001 199.32078796423926 0.5750000000000001 199.32078796423926 0.5750000000000001 199.32078796423926 0.5750000000000001 26879.88606023833 0.5750000000000001 36531.35757101919 0.5750000000000001 37662.48654812101 0.5750000000000001 39905.73263801504 0.5750000000000001 42277.19154368122 0.5750000000000001 7022.369030222641 0.5750000000000001 7098.079628211826 0.5750000000000001 7413.074072871781 0.5750000000000001 6791.979560152216 0.5750000000000001 6696.622546029315
0.6250000000000001 192.62833428763042 0.6250000000000001 192.62833428763042 0.6250000000000001 192.62833428763042 0.6250000000000001 192.62833428763042 0.6250000000000001 192.62833428763042 0.6250000000000001 27333.559247899695 0.6250000000000001 37523.09879882225 0.6250000000000001 38825.57712314542 0.6250000000000001 41277.53528894352 0.6250000000000001 43561.77306469076 0.6250000000000001 7850.237068624186 0.6250000000000001 7690.968600638461 0.6250000000000001 7914.725376867916 0.6250000000000001 7143.638761237301 0.6250000000000001 7108.763090407463
0.675 191.46476725964308 0.675 191.46476725964308 0.675 191.46476725964308 0.675 191.46476725964308 0.675 191.46476725964308 0.675 29824.104104102902 0.675 42988.083066437655 0.675 44589.57577959354 0.675 46608.992675090325 0.675 49008.01149716111 0.675 9670.231434051726 0.675 8690.026190502023 0.675 8657.102584501818 0.675 8166.427876843231 0.675 8239.171034891111
0.7250000000000001 180.25688776367946 0.7250000000000001 180.25688776367946 0.7250000000000001 180.25688776367946 0.7250000000000001 180.25688776367946 0.7250000000000001 180.25688776367946 0.7250000000000001 27276.471206417333 0.7250000000000001 37126.14324529495 0.7250000000000001 38479.5067901851 0.7250000000000001 40185.144050835384 0.7250000000000001 42559.18745182839 0.7250000000000001 8180.668408733541 0.7250000000000001 7228.182086347747 0.7250000000000001 7320.116645518501 0.7250000000000001 6892.655179383843 0.7250000000000001 6778.255425862995
0.775 174.6057430213027 0.775 174.6057430213027 0.775 174.6057430213027 0.775 174.6057430213027 0.775 174.6057430213027 0.775 29164.37981773561 0.775 38597.8630494322 0.775 39899.8356541403 0.775 41962.50506472469 0.775 44141.218804914424 0.775 7807.81508978728 0.775 7072.435584179551 0.775 7286.542184789297 0.775 6711.13338419261 0.775 6670.878375240407
0.8250000000000001 168.05937759252797 0.8250000000000001 168.05937759252797 0.8250000000000001 168.05937759252797 0.8250000000000001 168.05937759252797 0.8250000000000001 168.05937759252797 0.8250000000000001 26925.071757926216 0.8250000000000001 37774.153215048354 0.8250000000000001 38891.74817415327 0.8250000000000001 41159.41114412104 0.8250000000000001 43354.46402552308 0.8250000000000001 8898.458368652748 0.8250000000000001 6933.454507349424 0.8250000000000001 7042.69307737259 0.8250000000000001 6342.471917033303 0.8250000000000001 6322.770510056078
0.8750000000000001 166.0399344542202 0.8750000000000001 166.0399344542202 0.8750000000000001 166.0399344542202 0.8750000000000001 166.0399344542202 0.8750000000000001 166.0399344542202 0.8750000000000001 29697.923010958664 0.8750000000000001 37625.218547951765 0.8750000000000001 39000.59114657136 0.8750000000000001 41087.19211975283 0.8750000000000001 43228.8302073262 0.8750000000000001 7840.76758618743 0.8750000000000001 7428.422606267849 0.8750000000000001 7481.253314173311 0.8750000000000001 6821.552974594247 0.8750000000000001 6833.3926415648875
0.925 165.787497029791 0.925 165.787497029791 0.925 165.787497029791 0.925 165.787497029791 0.925 165.787497029791 0.925 26663.395103527608 0.925 37496.754892234836 0.925 38781.39398357279 0.925 40738.5382838992 0.925 43072.17558312646 0.925 8985.525069924603 0.925 7406.466688126178 0.925 7503.647102820378 0.925 6900.009787005556 0.925 6874.087054558953
0.9750000000000001 156.4599655723384 0.9750000000000001 156.4599655723384 0.9750000000000001 156.4599655723384 0.9750000000000001 156.4599655723384 0.9750000000000001 156.4599655723384 0.9750000000000001 22486.72512729411 0.9750000000000001 33237.88618246613 0.9750000000000001 34325.88739598679 0.9750000000000001 36145.676818143 0.9750000000000001 38338.32032948787 0.9750000000000001 7886.61786029301 0.9750000000000001 6496.95864279087 0.9750000000000001 6565.585300494273 0.9750000000000001 6041.0247759520635 0.9750000000000001 5966.226495930916
1.025 161.97388120424068 1.025 161.97388120424068 1.025 161.97388120424068 1.025 161.97388120424068 1.025 161.97388120424068 1.025 22113.861318855605 1.025 28748.23582828197 1.025 29680.062382533175 1.025 32024.42151308137 1.025 33706.894042320404 1.025 6932.316433699246 1.025 7003.178954045137 1.025 6980.635371934941 1.025 6211.414065951399 1.025 6252.016488875718
1.075 153.83912776040867 1.075 153.83912776040867 1.075 153.83912776040867 1.075 153.83912776040867 1.075 153.83912776040867 1.075 23705.840765385135 1.075 37979.28899017132 1.075 39294.863885334475 1.075 40967.01257378115 1.075 43239.43899901321 1.075 10050.117782503521 1.075 6094.122789930386 1.075 6082.246446857 1.075 5617.174579492177 1.075 5517.465945826171
1.125 149.73010164905023 1.125 149.73010164905023 1.125 149.73010164905023 1.125 149.73010164905023 1.125 149.73010164905023 1.125 23435.96144171954 1.125 30610.960720048122 1.125 31777.686266073135 1.125 33702.10981033042 1.125 35650.798329365505 1.125 6320.042520445033 1.125 6009.771275137352 1.125 6022.121506292287 1.125 5447.872185651293 1.125 5394.233627533284
1.175 145.22529528243683 1.175 145.22529528243683 1.175 145.22529528243683 1.175 145.22529528243683 1.175 145.22529528243683 1.175 25645.803949269593 1.175 31110.32348493652 1.175 32148.17831990131 1.175 33916.3408185087 1.175 35754.28001673534 1.175 5774.935493687825 1.175 5653.954481747821 1.175 5600.298227776491 1.175 5067.057391164927 1.175 5026.088316775608
1.225 143.36237914633801 1.225 143.36237914633801 1.225 143.36237914633801 1.225 143.36237914633801 1.225 143.36237914633801 1.225 24315.81845025769 1.225 30115.993745770265 1.225 30989.1683776641 1.225 32726.21055570016 1.225 34314.10792495964 1.225 5499.677152415453 1.225 5057.63446059945 1.225 5006.938388681526 1.225 4509.00303343049 1.225 4551.816071456347
1.275 143.38889936234952 1.275 143.38889936234952 1.275 143.38889936234952 1.275 143.38889936234952 1.275 143.38889936234952 1.275 25638.951986492186 1.275 30280.375802899605 1.275 31317.345551260056 1.275 32923.50716961401 1.275 34870.32086311553 1.275 5908.573596433662 1.275 6001.384411597271 1.275 6073.99526564197 1.275 5612.706527008894 1.275 5517.034822619942
1.325 139.41168451726801 1.325 139.41168451726801 1.325 139.41168451726801 1.325 139.41168451726801 1.325 139.41168451726801 1.325 24075.467119000907 1.325 31533.691565497393 1.325 32796.25095212107 1.325 34040.82804556865 1.325 36127.367512026234 1.325 5716.780228711617 1.325 4945.002070312692 1.325 4990.851732266733 1.325 4721.231970566577 1.325 4605.894640530026
1.375 140.33454247633907 1.375 140.33454247633907 1.375 140.33454247633907 1.375 140.33454247633907 1.375 140.33454247633907 1.375 22229.153043536167 1.375 28898.415700628615 1.375 30003.07811106149 1.375 31212.099993868433 1.375 32780.79772817121 1.375 5727.86321842999 1.375 5739.421443706776 1.375 5681.251943726789 1.375 5370.994309356356 1.375 5449.584899642635
1.425 139.0274439102185 1.425 139.0274439102185 1.425 139.0274439102185 1.425 139.0274439102185 1.425 139.0274439102185 1.425 20572.517398131367 1.425 27935.478706553447 1.425 29092.844167654588 1.425 30254.119890221387 1.425 31738.98631787428 1.425 5731.65305325217 1.425 5290.15863108187 1.425 5209.087583966974 1.425 4956.6073547255055 1.425 4997.751258550964
1.475 135.11220773714868 1.475 135.11220773714868 1.475 135.11220773714868 1.475 135.11220773714868 1.475 135.11220773714868 1.475 20813.899404251286 1.475 29416.718605225506 1.475 30532.325927843718 1.475 32239.2765335312 1.475 34039.22594197055 1.475 5706.832989796482 1.475 4707.662093315936 1.475 4734.518678778819 1.475 4231.827998603192 1.475 4135.1627919819975
1.525 133.50035156338964 1.525 133.50035156338964 1.525 133.50035156338964 1.525 133.50035156338964 1.525 133.50035156338964 1.525 20065.447454115278 1.525 25072.481586992722 1.525 26139.330577333512 1.525 27675.177915446573 1.525 29330.4942820146 1.525 4917.126349558003 1.525 5139.356828736165 1.525 5145.361911265615 1.525 4663.623901737858 1.525 4669.132996568988
1.575 130.97050871568712 1.575 130.97050871568712 1.575 130.97050871568712 1.575 130.97050871568712 1.575 130.97050871568712 1.575 21401.024246705532 1.575 27957.55960954852 1.575 29250.478005656798 1.575 30954.92532844593 1.575 32474.746805285038 1.575 5234.163376862029 1.575 4731.230517779372 1.575 4678.392409139266 1.575 4134.17516513472 1.575 4208.899067373712
1.625 128.79912749375825 1.625 128.79912749375825 1.625 128.79912749375825 1.625 128.79912749375825 1.625 128.79912749375825 1.625 20824.433887957846 1.625 26302.658720567415 1.625 27362.285281475088 1.625 28477.132361868524 1.625 29876.383608507636 1.625 4190.17195409294 1.625 3642.9876855039747 1.625 3562.259971702507 1.625 3264.6181635991206 1.625 3264.076769682828
1.675 129.36630967868234 1.675 129.36630967868234 1.675 129.36630967868234 1.675 129.36630967868234 1.675 129.36630967868234 1.675 22203.71731447657 1.675 28122.45568845619 1.675 29097.08253258205 1.675 30171.004528794812 1.675 31687.674839368297 1.675 5419.817311754017 1.675 5286.221047038446 1.675 5241.768142933723 1.675 4945.475093151418 1.675 4929.636364074425
1.725 125.42181694566686 1.725 125.42181694566686 1.725 125.42181694566686 1.725 125.42181694566686 1.725 125.42181694566686 1.725 18079.72520984402 1.725 22903.526501151428 1.725 23784.056135074094 1.725 24875.062169133864 1.725 26148.907836268147 1.725 5379.384519000322 1.725 5379.988445773698 1.725 5310.328963220517 1.725 5022.680328004204 1.725 5044.158181469326
1.775 126.02142870230833 1.775 126.02142870230833 1.775 126.02142870230833 1.775 126.02142870230833 1.775 126.02142870230833 1.775 17732.055239532707 1.775 22873.720193907917 1.775 23677.394923972977 1.775 24662.771853625112 1.775 25842.535981928166 1.775 5819.704045733199 1.775 5315.482485668354 1.775 5234.885647667056 1.775 4996.699391738232 1.775 5141.590520199944
1.825 123.48777327553837 1.825 123.48777327553837 1.825 123.48777327553837 1.825 123.48777327553837 1.825 123.48777327553837 1.825 17150.499533238668 1.825 24404.813131241724 1.825 25174.21533477007 1.825 26128.140100677312 1.825 27356.216847311127 1.825 5672.973885674666 1.825 4536.661035611753 1.825 4471.109804556528 1.825 4270.067541845967 1.825 4302.10819289737
1.875 119.36213265253939 1.875 119.36213265253939 1.875 119.36213265253939 1.875 119.36213265253939 1.875 119.36213265253939 1.875 15393.207970429008 1.875 25468.510549038707 1.875 26283.190988024697 1.875 27252.170028438508 1.875 28504.745130630883 1.875 6376.831809423528 1.875 3807.23211057676 1.875 3775.2266040931395 1.875 3540.4657635953067 1.875 3552.936992322651
1.925 119.77749114969947 1.925 119.77749114969947 1.925 119.77749114969947 1.925 119.77749114969947 1.925 119.77749114969947 1.925 18914.591141478337 1.925 26364.33120537072 1.925 27244.264201174883 1.925 28345.29569836727 1.925 29840.314574296568 1.925 5045.821807683564 1.925 4138.562370763864 1.925 4137.947534323919 1.925 3846.593771306766 1.925 3869.7528611711127
1.975 116.77576869772295 1.975 116.77576869772295 1.975 116.77576869772295 1.975 116.77576869772295 1.975 116.77576869772295 1.975 19948.250443089462 1.975 27798.947920125225 1.975 28837.340667273682 1.975 30027.818795662788 1.975 31447.870174003598 1.975 5572.419588435764 1.975 4163.401022260381 1.975 4048.7267091237354 1.975 3717.272836646181 1.975 3739.153890378029
2.025 114.30856240231554 2.025 114.30856240231554 2.025 114.30856240231554 2.025 114.30856240231554 2.025 114.30856240231554 2.025 18523.801981985096 2.025 27450.334694638626 2.025 28410.376944412274 2.025 30342.18530823018 2.025 31738.80363814842 2.025 6800.1461660554305 2.025 4480.808412083411 2.025 4391.733852991908 2.025 3737.1648189606185 2.025 3819.517307438563
2.075 113.91759148183496 2.075 113.91759148183496 2.075 113.91759148183496 2.075 113.91759148183496 2.075 113.91759148183496 2.075 20972.531956246745 2.075 31058.156785416893 2.075 32087.60004468807 2.075 33659.88027667486 2.075 35230.74310140708 2.075 8384.544721891616 2.075 5538.389629753065 2.075 5543.915321938977 2.075 5064.03661360015 2.075 5032.688456660764
2.125 110.9110443079175 2.125 110.9110443079175 2.125 110.9110443079175 2.125 110.9110443079175 2.125 110.9110443079175 2.125 18569.63960471661 2.125 26605.725008289683 2.125 27510.71762706212 2.125 28677.591653664298 2.125 29961.734031712545 2.125 7423.016314991308 2.125 4631.639073198876 2.125 4586.639004606449 2.125 4266.406600129513 2.125 4247.9340549658355
2.175 107.56546407154246 2.175 107.56546407154246 2.175 107.56546407154246 2.175 107.56546407154246 2.175 107.56546407154246 2.175 18288.66683620133 2.175 29286.74056970261 2.175 30291.168821515726 2.175 32053.349459576144 2.175 33485.57134891615 2.175 8064.247816350986 2.175 4429.479035420993 2.175 4351.831304311998 2.175 3764.3629576278854 2.175 3789.9688842748637
2.225 110.16713594961054 2.225 110.16713594961054 2.225 110.16713594961054 2.225 110.16713594961054 2.225 110.16713594961054 2.225 15052.665427988371 2.225 22069.783565133188 2.225 22900.55893597166 2.225 24041.572686020252 2.225 25084.10315096775 2.225 6675.242080936201 2.225 4748.576314790311 2.225 4623.03016575766 2.225 4313.122775196071 2.225 4340.309369790283
2.275 109.37527491730054 2.275 109.37527491730054 2.275 109.37527491730054 2.275 109.37527491730054 2.275 109.37527491730054 2.275 15049.930214183174 2.275 20837.184808366386 2.275 21768.262000911065 2.275 22782.497139008992 2.275 23882.667462027755 2.275 4825.874806960698 2.275 3531.8209884481835 2.275 3413.6893708915964 2.275 3135.6709535909117 2.275 3149.6066654124743
2.325 107.68556588021164 2.325 107.68556588021164 2.325 107.68556588021164 2.325 107.68556588021164 2.325 107.68556588021164 2.325 20050.205641837514 2.325 26250.744977845054 2.325 27009.71065156213 2.325 28627.831891149643 2.325 30029.235573838763 2.325 4973.982121623083 2.325 4108.853310600981 2.325 4170.0981139439955 2.325 3671.6563360521272 2.325 3644.262090831546
2.375 105.9468516509518 2.375 105.9468516509518 2.375 105.9468516509518 2.375 105.9468516509518 2.375 105.9468516509518 2.375 19599.78385530531 2.375 26836.256607209707 2.375 27560.564618058204 2.375 29348.67454723848 2.375 30616.12728595908 2.375 5251.990785046904 2.375 3970.0748555398345 2.375 3951.2069700544525 2.375 3379.412289203685 2.375 3407.5172854782745
2.4250000000000003 105.5686422837474 2.4250000000000003 105.5686422837474 2.4250000000000003 105.5686422837474 2.4250000000000003 105.5686422837474 2.4250000000000003 105.5686422837474 2.4250000000000003 17331.38611861333 2.4250000000000003 21939.80799312466 2.4250000000000003 22638.0297433364 2.4250000000000003 23912.391845923892 2.4250000000000003 25067.06725359571 2.4250000000000003 4062.2880486817576 2.4250000000000003 3208.5904337720876 2.4250000000000003 3160.7813090942327 2.4250000000000003 2770.6904603141857 2.4250000000000003 2777.27409293688
2.475 103.01844627624813 2.475 103.01844627624813 2.475 103.01844627624813 2.475 103.01844627624813 2.475 103.01844627624813 2.475 16155.572408183538 2.475 19576.040049679585 2.475 20340.009981392155 2.475 21863.644682582355 2.475 22954.21211496951 2.475 3643.806125016238 2.475 3330.9532147766054 2.475 3251.6744021088 2.475 2711.6548713826114 2.475 2694.0603158501067
2.525 100.51212334006081 2.525 100.51212334006081 2.525 100.51212334006081 2.525 100.51212334006081 2.525 100.51212334006081 2.525 18288.638276222395 2.525 23147.769900823783 2.525 23911.722916740466 2.525 25117.798778046632 2.525 26467.06973595678 2.525 4600.534835785189 2.525 3650.9614290549216 2.525 3608.060455434964 2.525 3236.6960870817916 2.525 3215.4067214122942
2.575 100.96902723957741 2.575 100.96902723957741 2.575 100.96902723957741 2.575 100.96902723957741 2.575 100.96902723957741 2.575 17150.155925919335 2.575 21075.829605195457 2.575 21760.486815294124 2.575 22832.58978220381 2.575 23894.5652493797 2.575 4831.306675222763 2.575 3689.0607022396975 2.575 3652.77478558096 2.575 3308.217819501954 2.575 3301.816306857561
2.625 101.27316034878719 2.625 101.27316034878719 2.625 101.27316034878719 2.625 101.27316034878719 2.625 101.27316034878719 2.625 17319.857978377117 2.625 20652.684452236936 2.625 21351.23043951579 2.625 22587.586195244658 2.625 23692.326452776415 2.625 3953.07904873208 2.625 3519.7461436782137 2.625 3482.7315652621464 2.625 3073.821856503321 2.625 3040.461415849969
2.6750000000000003 102.29168825328884 2.6750000000000003 102.29168825328884 2.6750000000000003 102.29168825328884 2.6750000000000003 102.29168825328884 2.6750000000000003 102.29168825328884 2.6750000000000003 17766.091631732226 2.6750000000000003 21623.891050257716 2.6750000000000003 22492.482939837737 2.6750000000000003 23269.688480919795 2.6750000000000003 24472.730350908914 2.6750000000000003 4117.172656492611 2.6750000000000003 3919.6025375940135 2.6750000000000003 3816.398131964162 2.6750000000000003 3599.5770095390412 2.6750000000000003 3570.8253891440127
2.725 100.12765908537595 2.725 100.12765908537595 2.725 100.12765908537595 2.725 100.12765908537595 2.725 100.12765908537595 2.725 18241.723394229168 2.725 22531.042586057534 2.725 23361.506829430713 2.725 24224.70863387998 2.725 25406.567827363415 2.725 3985.674446995731 2.725 3531.666142382461 2.725 3430.978257624536 2.725 3188.87659070861 2.725 3228.1961728480155
2.775 99.810800372735 2.775 99.810800372735 2.775 99.810800372735 2.775 99.810800372735 2.775 99.810800372735 2.775 17351.086208771314 2.775 23600.657908906647 2.775 24455.286029952273 2.775 25350.480059191435 2.775 26528.561681272688 2.775 4961.161299465937 2.775 3940.0107982894096 2.775 3837.717682419161 2.775 3576.7134766287145 2.775 3619.68279359761
2.825 101.17887344263951 2.825 101.17887344263951 2.825 101.17887344263951 2.825 101.17887344263951 2.825 101.17887344263951 2.825 15278.568272285633 2.825 21636.221295353585 2.825 22395.955275871613 2.825 23459.609305482834 2.825 24511.316591336985 2.825 3974.499178564268 2.825 2693.240500579006 2.825 2647.554794696877 2.825 2320.50342137926 2.825 2389.2950388238805
2.875 100.92123078978214 2.875 100.92123078978214 2.875 100.92123078978214 2.875 100.92123078978214 2.875 100.92123078978214 2.875 16509.2425886388 2.875 23955.421364206395 2.875 24883.409559916683 2.875 26111.56038999636 2.875 27278.356640394086 2.875 5364.021728292517 2.875 3445.4621017169643 2.875 3355.2853555816178 2.875 2945.226033470578 2.875 2942.075911330007
2.9250000000000003 99.18322170431007 2.9250000000000003 99.18322170431007 2.9250000000000003 99.18322170431007 2.9250000000000003 99.18322170431007 2.9250000000000003 99.18322170431007 2.9250000000000003 17176.61241857393 2.9250000000000003 22344.497743017066 2.9250000000000003 23140.935270069553 2.9250000000000003 24517.9310671685 2.9250000000000003 25570.053837417086 2.9250000000000003 4255.441764763678 2.9250000000000003 3281.5566704564503 2.9250000000000003 3242.05626117161 2.9250000000000003 2761.980266170293 2.9250000000000003 2788.938378251584
2.975 97.7191510427731 2.975 97.7191510427731 2.975 97.7191510427731 2.975 97.7191510427731 2.975 97.7191510427731 2.975 14957.920618644881 2.975 22001.898688260422 2.975 22679.798953589052 2.975 23895.289465583297 2.975 24948.733869165386 2.975 4807.7367833346925 2.975 3456.8950374207657 2.975 3392.1178266955826 2.975 2973.7538739240504 2.975 3019.381383011911
3.025 97.2712924777062 3.025 97.2712924777062 3.025 97.2712924777062 3.025 97.2712924777062 3.025 97.2712924777062 3.025 19308.262512839217 3.025 30806.22052092908 3.025 31682.958296649238 3.025 32986.750351761075 3.025 34495.55311325333 3.025 6878.5988077523925 3.025 3707.9659529609607 3.025 3752.6109043877645 3.025 3361.0406497214312 3.025 3347.7711303202404
3.075 101.62443239555301 3.075 101.62443239555301 3.075 101.62443239555301 3.075 101.62443239555301 3.075 101.62443239555301 3.075 17836.07401548958 3.075 33000.54363816876 3.075 33907.63401977462 3.075 35009.85315419467 3.075 36626.77684613057 3.075 9624.467974464213 3.075 4158.326893375285 3.075 4192.024039128181 3.075 3905.669862088602 3.075 3886.468996339658
3.125 98.27140754630258 3.125 98.27140754630258 3.125 98.27140754630258 3.125 98.27140754630258 3.125 98.27140754630258 3.125 14439.328024332868 3.125 27201.818502556842 3.125 27980.743323653263 3.125 29408.221157950742 3.125 30704.155171121216 3.125 9175.187645172353 3.125 4558.025368462013 3.125 4528.028689206933 3.125 4061.152243464781 3.125 4068.632463433072
3.1750000000000003 97.70424876262055 3.1750000000000003 97.70424876262055 3.1750000000000003 97.70424876262055 3.1750000000000003 97.70424876262055 3.1750000000000003 97.70424876262055 3.1750000000000003 19230.17757023919 3.1750000000000003 27436.08411671925 3.1750000000000003 28267.620249371146 3.1750000000000003 29884.912859617514 3.1750000000000003 31209.39143137349 3.1750000000000003 6607.746203628209 3.1750000000000003 4440.101948988762 3.1750000000000003 4388.954220168701 3.1750000000000003 3832.979895455983 3.1750000000000003 3878.7862157940644
3.225 93.9641340683585 3.225 93.9641340683585 3.225 93.9641340683585 3.225 93.9641340683585 3.225 93.9641340683585 3.225 18773.329268543916 3.225 28046.134367985647 3.225 28902.62488276324 3.225 30233.926592176103 3.225 31622.881319077984 3.225 6400.671428805787 3.225 4244.368054176727 3.225 4205.181492427555 3.225 3787.1016281551197 3.225 3812.165435400782
3.275 97.51771311061555 3.275 97.51771311061555 3.275 97.51771311061555 3.275 97.51771311061555 3.275 97.51771311061555 3.275 17666.169829943017 3.275 32287.891411869765 3.275 33175.504866650444 3.275 34229.44230558454 3.275 35743.61201371368 3.275 9422.412681715268 3.275 4500.205213865443 3.275 4459.371268507559 3.275 4194.3795676786785 3.275 4238.274756919526
3.325 94.78220169312888 3.325 94.78220169312888 3.325 94.78220169312888 3.325 94.78220169312888 3.325 94.78220169312888 3.325 17666.080025786952 3.325 25032.64078933133 3.325 25810.92137195683 3.325 27207.262760509144 3.325 28465.257227180628 3.325 5707.297214931352 3.325 3829.0073716310544 3.325 3766.5456980617064 3.325 3282.5462403020533 3.325 3320.4155258990695
3.375 93.2718423929705 3.375 93.2718423929705 3.375 93.2718423929705 3.375 93.2718423929705 3.375 93.2718423929705 3.375 15832.952528573389 3.375 26129.188020290432 3.375 26993.6383051917 3.375 28574.21704455281 3.375 29807.39119663568 3.375 6907.810974159142 3.375 3492.7597876732143 3.375 3420.378922858499 3.375 2890.801444949154 3.375 2877.559648535909
3.4250000000000003 95.18067157449548 3.4250000000000003 95.18067157449548 3.4250000000000003 95.18067157449548 3.4250000000000003 95.18067157449548 3.4250000000000003 95.18067157449548 3.4250000000000003 17575.805722220568 3.4250000000000003 26853.230148884053 3.4250000000000003 27636.189893587714 3.4250000000000003 28979.126660697686 3.4250000000000003 30320.47239843688 3.4250000000000003 6125.689265072623 3.4250000000000003 3463.2822767090383 3.4250000000000003 3468.4853810898458 3.4250000000000003 3026.586299953906 3.4250000000000003 3026.6975014888026
3.475 96.31073101992999 3.475 96.31073101992999 3.475 96.31073101992999 3.475 96.31073101992999 3.475 96.31073101992999 3.475 16908.19002117988 3.475 23098.69133853781 3.475 23889.765780058904 3.475 25025.38679369334 3.475 26112.172990999363 3.475 5000.793394916671 3.475 3871.8126604386525 3.475 3825.3883486581403 3.475 3480.7442578831588 3.475 3537.2396490888414
3.525 95.57038238800047 3.525 95.57038238800047 3.525 95.57038238800047 3.525 95.57038238800047 3.525 95.57038238800047 3.525 17391.801045221793 3.525 24608.325527902405 3.525 25480.60140620824 3.525 27100.87208134833 3.525 28310.36195503218 3.525 5944.786686035152 3.525 4005.1128298865574 3.525 3908.380733856646 3.525 3340.1965262255267 3.525 3380.2063361472606
3.575 96.32017135748055 3.575 96.32017135748055 3.575 96.32017135748055 3.575 96.32017135748055 3.575 96.32017135748055 3.575 19080.592279415516 3.575 32369.32194298296 3.575 33440.043367227525 3.575 34930.969119343004 3.575 36460.47498394792 3.575 7435.931055344206 3.575 3446.540609366516 3.575 3390.4595150763794 3.575 2925.995158867018 3.575 2912.377145449134
3.625 95.49409966592583 3.625 95.49409966592583 3.625 95.49409966592583 3.625 95.49409966592583 3.625 95.49409966592583 3.625 16325.620765905565 3.625 26959.647361254352 3.625 27817.24977923418 3.625 29251.284128378415 3.625 30642.297967418916 3.625 6469.110022666122 3.625 3453.012805688818 3.625 3436.9015816106726 3.625 2951.6406019295523 3.625 2959.498028834527
3.6750000000000003 93.49252202984586 3.6750000000000003 93.49252202984586 3.6750000000000003 93.49252202984586 3.6750000000000003 93.49252202984586 3.6750000000000003 93.49252202984586 3.6750000000000003 16032.999919042095 3.6750000000000003 23170.313499034422 3.6750000000000003 23837.84676122099 3.6750000000000003 25176.906315739252 3.6750000000000003 26312.26934943732 3.6750000000000003 3951.811483740133 3.6750000000000003 2686.630826628938 3.6750000000000003 2673.655102232193 3.6750000000000003 2226.8710612922605 3.6750000000000003 2270.704992129487
3.725 93.15176073726325 3.725 93.15176073726325 3.725 93.15176073726325 3.725 93.15176073726325 3.725 93.15176073726325 3.725 15182.605099066253 3.725 28246.983860830303 3.725 29058.397484119912 3.725 30363.26708160825 3.725 31663.85423843061 3.725 8092.095323550445 3.725 3395.5349206877945 3.725 3368.897420432172 3.725 2941.768807495705 3.725 2977.156572786305
3.775 95.12422548448119 3.775 95.12422548448119 3.775 95.12422548448119 3.775 95.12422548448119 3.775 95.12422548448119 3.775 19433.290083146545 3.775 27811.124590141386 3.775 28560.644269790788 3.775 29953.059820787097 3.775 31202.958744684616 3.775 5914.875270480874 3.775 3286.4624110082486 3.775 3287.6644770355997 3.775 2833.708339179751 3.775 2842.4728741555427
3.825 94.32685877053339 3.825 94.32685877053339 3.825 94.32685877053339 3.825 94.32685877053339 3.825 94.32685877053339 3.825 15827.645160848811 3.825 20745.467765021134 3.825 21417.264818520584 3.825 22856.058994792074 3.825 23999.694889169194 3.825 5707.764413609269 3.825 4288.342419919849 3.825 4308.22914447104 3.825 3759.9811304072714 3.825 3765.3457932705874
3.875 95.76039382423842 3.875 95.76039382423842 3.875 95.76039382423842 3.875 95.76039382423842 3.875 95.76039382423842 3.875 14738.318520866083 3.875 22546.802781577426 3.875 23335.88115043802 3.875 25077.999721660395 3.875 26152.04468591842 3.875 6590.246579188855 3.875 4242.8629322772595 3.875 4163.805347939992 3.875 3526.04756349523 3.875 3589.823282936145
3.9250000000000003 98.25551837974015 3.9250000000000003 98.25551837974015 3.9250000000000003 98.25551837974015 3.9250000000000003 98.25551837974015 3.9250000000000003 98.25551837974015 3.9250000000000003 14948.109626622205 3.9250000000000003 25910.251455745572 3.9250000000000003 26731.17735410972 3.9250000000000003 28100.439908635817 3.9250000000000003 29267.517825688607 3.9250000000000003 6464.183852819723 3.9250000000000003 3062.563607303675 3.9250000000000003 2994.246966049089 3.9250000000000003 2507.193511624948 3.9250000000000003 2557.354971182223
3.975 98.01134676747634 3.975 98.01134676747634 3.975 98.01134676747634 3.975 98.01134676747634 3.975 98.01134676747634 3.975 15094.643723956757 3.975 23060.068588344388 3.975 23769.937746756936 3.975 25056.911541252204 3.975 26080.612658429207 3.975 4991.038383482925 3.975 3214.9576947770074 3.975 3172.472188174564 3.975 2745.3229179623922 3.975 2805.493707258985
4.025 93.772571662985 4.025 93.772571662985 4.025 93.772571662985 4.025 93.772571662985 4.025 93.772571662985 4.025 12677.909153481607 4.025 19949.345983426283 4.025 20632.038737114068 4.025 21840.16986642525 4.025 22875.812174694303 4.025 5110.241780507037 4.025 3531.339970392516 4.025 3500.983252761255 4.025 3094.843142110745 4.025 3119.9499496775143
4.075 96.25693137928302 4.075 96.25693137928302 4.075 96.25693137928302 4.075 96.25693137928302 4.075 96.25693137928302 4.075 17663.675436287907 4.075 26038.837685525745 4.075 26910.897429907596 4.075 28066.121939388195 4.075 29220.738202620272 4.075 4920.977865330624 4.075 2993.9646886985133 4.075 2916.4243001144705 4.075 2562.224515590356 4.075 2608.577179059426
4.125000000000001 99.5762438816984 4.125000000000001 99.5762438816984 4.125000000000001 99.5762438816984 4.125000000000001 99.5762438816984 4.125000000000001 99.5762438816984 4.125000000000001 14058.749206105336 4.125000000000001 19559.445383239337 4.125000000000001 20416.401217039063 4.125000000000001 21249.58525888655 4.125000000000001 22081.436972162122 4.125000000000001 3997.0055364350505 4.125000000000001 2939.6322829502883 4.125000000000001 2755.951887769176 4.125000000000001 2536.5297113708243 4.125000000000001 2589.189742186655
4.175000000000001 98.5256211756823 4.175000000000001 98.5256211756823 4.175000000000001 98.5256211756823 4.175000000000001 98.5256211756823 4.175000000000001 98.5256211756823 4.175000000000001 15330.059118333707 4.175000000000001 27005.714734506317 4.175000000000001 27888.211078847533 4.175000000000001 28782.479273076726 4.175000000000001 29962.85291690533 4.175000000000001 6521.013774049684 4.175000000000001 2775.1776897698596 4.175000000000001 2721.4980394068293 4.175000000000001 2497.9866690142057 4.175000000000001 2543.5973033666323
4.2250000000000005 97.22822234732031 4.2250000000000005 97.22822234732031 4.2250000000000005 97.22822234732031 4.2250000000000005 97.22822234732031 4.2250000000000005 97.22822234732031 4.2250000000000005 17518.207337026397 4.2250000000000005 23618.626223136605 4.2250000000000005 24435.043413648043 4.2250000000000005 25190.629971257636 4.2250000000000005 26355.25545643083 4.2250000000000005 3728.523132986887 4.2250000000000005 2843.321607916605 4.2250000000000005 2783.416836439041 4.2250000000000005 2606.4487090189564 4.2250000000000005 2645.8634872088173
4.275 96.26273949362043 4.275 96.26273949362043 4.275 96.26273949362043 4.275 96.26273949362043 4.275 96.26273949362043 4.275 14592.986823896184 4.275 25260.117448278954 4.275 26067.733207698388 4.275 26935.70507462345 4.275 28112.45434255229 4.275 6663.396165613632 4.275 3276.160749874827 4.275 3227.7089188594314 4.275 2995.541185093217 4.275 3085.7054694607737
4.325 97.65957520162159 4.325 97.65957520162159 4.325 97.65957520162159 4.325 97.65957520162159 4.325 97.65957520162159 4.325 17288.576403456536 4.325 23632.201341747408 4.325 24376.21014289341 4.325 25270.97251260392 4.325 26433.091541880145 4.325 4500.139440623389 4.325 3226.823391449409 4.325 3159.9869635845093 4.325 2905.3348303992952 4.325 2969.902853471742
4.375000000000001 95.88674690765846 4.375000000000001 95.88674690765846 4.375000000000001 95.88674690765846 4.375000000000001 95.88674690765846 4.375000000000001 95.88674690765846 4.375000000000001 16815.748707955216 4.375000000000001 23906.1733725148 4.375000000000001 24644.670994399832 4.375000000000001 25543.002300631884 4.375000000000001 26617.4489033747 4.375000000000001 4627.781011429791 4.375000000000001 2889.935409220306 4.375000000000001 2842.8447805044957 4.375000000000001 2600.653701867721 4.375000000000001 2627.019829937782
4.425000000000001 99.14971586202077 4.425000000000001 99.14971586202077 4.425000000000001 99.14971586202077 4.425000000000001 99.14971586202077 4.425000000000001 99.14971586202077 4.425000000000001 16166.609595781032 4.425000000000001 26258.011390929456 4.425000000000001 26992.800043358555 4.425000000000001 27983.512318519224 4.425000000000001 29212.496104871523 4.425000000000001 5619.408799663383 4.425000000000001 3009.9323052719674 4.425000000000001 2985.6768439830075 4.425000000000001 2710.562586613852 4.425000000000001 2717.0239673371066
4.4750000000000005 98.22685171863365 4.4750000000000005 98.22685171863365 4.4750000000000005 98.22685171863365 4.4750000000000005 98.22685171863365 4.4750000000000005 98.22685171863365 4.4750000000000005 18678.62731385796 4.4750000000000005 36432.057764613186 4.4750000000000005 37494.692410730255 4.4750000000000005 38465.79323647484 4.4750000000000005 39968.706791556324 4.4750000000000005 9199.890226873576 4.4750000000000005 3478.2382993638334 4.4750000000000005 3355.6916090397253 4.4750000000000005 3158.4492842018317 4.4750000000000005 3223.1779651213214
4.525 97.87348382247721 4.525 97.87348382247721 4.525 97.87348382247721 4.525 97.87348382247721 4.525 97.87348382247721 4.525 13840.98482245 4.525 31199.748782196268 4.525 32093.751157948216 4.525 33220.66039329336 4.525 34528.89323470349 4.525 9155.438839486264 4.525 2990.218257136535 4.525 2907.4079828403383 4.525 2603.5057395964295 4.525 2698.504182869633
4.575 96.82367310202193 4.575 96.82367310202193 4.575 96.82367310202193 4.575 96.82367310202193 4.575 96.82367310202193 4.575 13518.487048846477 4.575 25448.630188048683 4.575 26186.79253765751 4.575 27758.005421195037 4.575 28984.460192386996 4.575 7122.282907597608 4.575 3125.1619298585424 4.575 3109.4846233636067 4.575 2567.5482578304886 4.575 2600.4927515322506
4.625000000000001 100.71633791060022 4.625000000000001 100.71633791060022 4.625000000000001 100.71633791060022 4.625000000000001 100.71633791060022 4.625000000000001 100.71633791060022 4.625000000000001 13962.61974877565 4.625000000000001 30456.878650647144 4.625000000000001 31344.267120554538 4.625000000000001 32678.440607295397 4.625000000000001 33993.476233254645 4.625000000000001 9412.644741400363 4.625000000000001 2871.2155679997595 4.625000000000001 2819.20620740277 4.625000000000001 2410.2178506295427 4.625000000000001 2458.307510803053
4.675000000000001 100.75830747799048 4.675000000000001 100.75830747799048 4.675000000000001 100.75830747799048 4.675000000000001 100.75830747799048 4.675000000000001 100.75830747799048 4.675000000000001 13824.807980805705 4.675000000000001 28774.961540480912 4.675000000000001 29658.540686148754 4.675000000000001 31203.432521974268 4.675000000000001 32362.844534419455 4.675000000000001 9204.827301786538 4.675000000000001 3157.8136056371477 4.675000000000001 3080.6060277016313 4.675000000000001 2575.634755483226 4.675000000000001 2639.1116241429854
4.7250000000000005 101.58306839762416 4.7250000000000005 101.58306839762416 4.7250000000000005 101.58306839762416 4.7250000000000005 101.58306839762416 4.7250000000000005 101.58306839762416 4.7250000000000005 15490.580075137514 4.7250000000000005 24058.64341964906 4.7250000000000005 24848.70570735232 4.7250000000000005 26236.13868486103 4.7250000000000005 27333.65934402995 4.7250000000000005 5943.818425444333 4.7250000000000005 3682.6370831065565 4.7250000000000005 3622.497686448478 4.7250000000000005 3157.4640501719773 4.7250000000000005 3219.0913007492823
4.775 102.26809301564522 4.775 102.26809301564522 4.775 102.26809301564522 4.775 102.26809301564522 4.775 102.26809301564522 4.775 18425.02804858116 4.775 25658.019196882375 4.775 26457.300862315155 4.775 27672.664624528545 4.775 28957.359480050654 4.775 5358.750276699446 4.775 3524.5782942979913 4.775 3428.134229407098 4.775 3060.838387093383 4.775 3127.875001350905
4.825000000000001 102.394789762025 4.825000000000001 102.394789762025 4.825000000000001 102.394789762025 4.825000000000001 102.394789762025 4.825000000000001 102.394789762025 4.825000000000001 19740.650665544345 4.825000000000001 30602.870303135842 4.825000000000001 31622.55444862386 4.825000000000001 32677.5175459111 4.825000000000001 33998.222201929646 4.825000000000001 7692.467125492191 4.825000000000001 4699.391888953865 4.825000000000001 4549.587605468514 4.825000000000001 4277.071361472571 4.825000000000001 4326.459084316946
4.875000000000001 100.82885997407021 4.875000000000001 100.82885997407021 4.875000000000001 100.82885997407021 4.875000000000001 100.82885997407021 4.875000000000001 100.82885997407021 4.875000000000001 19675.441286052028 4.875000000000001 23955.797294876313 4.875000000000001 24747.42790059338 4.875000000000001 25728.59550508206 4.875000000000001 26863.217181258864 4.875000000000001 3559.756766105092 4.875000000000001 3550.8050937119183 4.875000000000001 3455.5606884025865 4.875000000000001 3180.7129589897377 4.875000000000001 3239.3068268500015
4.925000000000001 103.9303501905689 4.925000000000001 103.9303501905689 4.925000000000001 103.9303501905689 4.925000000000001 103.9303501905689 4.925000000000001 103.9303501905689 4.925000000000001 18258.738539860213 4.925000000000001 23525.01474798191 4.925000000000001 24267.223561013125 4.925000000000001 25245.903119225783 4.925000000000001 26264.723241082465 4.925000000000001 4740.244243809317 4.925000000000001 4423.918631932293 4.925000000000001 4317.025638470309 4.925000000000001 4047.666114147583 4.925000000000001 4101.2683558792905
4.9750000000000005 108.39991830876737 4.9750000000000005 108.39991830876737 4.9750000000000005 108.39991830876737 4.9750000000000005 108.39991830876737 4.9750000000000005 108.39991830876737 4.9750000000000005 17254.014165351655 4.9750000000000005 22152.86273752996 4.9750000000000005 22783.820913889056 4.9750000000000005 24226.1237046744 4.9750000000000005 25186.571909397448 4.9750000000000005 5006.619469908787 4.9750000000000005 4491.481767265301 4.9750000000000005 4458.834322169665 4.9750000000000005 3938.304268273756 4.9750000000000005 3993.2120899532215
