PRE_x_5_sig_First_SNC PRE_y_5_sig_First_SNC BRN_x_5_sig_First_SNC BRN_y_5_sig_First_SNC PST_x_5_sig_First_SNC PST_y_5_sig_First_SNC PRE_x_7.5_sig_Per_SNC PRE_y_7.5_sig_Per_SNC BRN_x_7.5_sig_Per_SNC BRN_y_7.5_sig_Per_SNC PST_x_7.5_sig_Per_SNC PST_y_7.5_sig_Per_SNC PRE_x_10_sig_Per_SNC PRE_y_10_sig_Per_SNC BRN_x_10_sig_Per_SNC BRN_y_10_sig_Per_SNC PST_x_10_sig_Per_SNC PST_y_10_sig_Per_SNC PRE_x_12.5_sig_Per_SNC PRE_y_12.5_sig_Per_SNC BRN_x_12.5_sig_Per_SNC BRN_y_12.5_sig_Per_SNC PST_x_12.5_sig_Per_SNC PST_y_12.5_sig_Per_SNC PRE_x_15_sig_Per_SNC PRE_y_15_sig_Per_SNC BRN_x_15_sig_Per_SNC BRN_y_15_sig_Per_SNC PST_x_15_sig_Per_SNC PST_y_15_sig_Per_SNC
0.024999999999999994 12268.87147672003 0.024999999999999994 21634278.53486998 0.024999999999999994 6083298.844121735 0.024999999999999994 12268.87147672003 0.024999999999999994 29045643.44313078 0.024999999999999994 4566352.9919951605 0.024999999999999994 12268.87147672003 0.024999999999999994 29943772.174003642 0.024999999999999994 4568488.336314806 0.024999999999999994 12268.87147672003 0.024999999999999994 31211119.371479303 0.024999999999999994 4180733.4647339005 0.024999999999999994 12268.87147672003 0.024999999999999994 32537058.307013437 0.024999999999999994 4208508.060066802
0.075 3818.026666199227 0.075 16128288.262636159 0.075 3307476.2434805604 0.075 3818.026666199227 0.075 20480937.476045214 0.075 2876297.78975766 0.075 3818.026666199227 0.075 20986842.356147636 0.075 2883608.2398643256 0.075 3818.026666199227 0.075 22134073.410422027 0.075 2531332.658452158 0.075 3818.026666199227 0.075 23078684.37437227 0.075 2511141.839289904
0.125 3194.886511149845 0.125 18683298.622304272 0.125 3080875.261503092 0.125 3194.886511149845 0.125 23843070.506141458 0.125 2670783.3893337427 0.125 3194.886511149845 0.125 24447444.87878876 0.125 2688193.6426250245 0.125 3194.886511149845 0.125 25270475.601987965 0.125 2504718.4794809986 0.125 3194.886511149845 0.125 26354243.79651337 0.125 2489090.3805564437
0.17500000000000002 3023.3122068623984 0.17500000000000002 21725294.776265312 0.17500000000000002 4578526.856188029 0.17500000000000002 3023.3122068623984 0.17500000000000002 28253162.74002215 0.17500000000000002 3575656.0700918683 0.17500000000000002 3023.3122068623984 0.17500000000000002 29000180.933442842 0.17500000000000002 3821815.9147502123 0.17500000000000002 3023.3122068623984 0.17500000000000002 30042738.301844537 0.17500000000000002 3592664.9345558845 0.17500000000000002 3023.3122068623984 0.17500000000000002 31813829.225599073 0.17500000000000002 3353909.934875356
0.225 2680.2060212252836 0.225 23105465.975233804 0.225 3137157.825118682 0.225 2680.2060212252836 0.225 29272489.166350484 0.225 2713443.0983238816 0.225 2680.2060212252836 0.225 30070596.39711838 0.225 2907310.3487017606 0.225 2680.2060212252836 0.225 31047931.150799513 0.225 2679906.284087204 0.225 2680.2060212252836 0.225 32830105.869670864 0.225 2425325.9336167974
0.275 2488.2212480821067 0.275 27336642.248387437 0.275 4097266.8131348123 0.275 2488.2212480821067 0.275 34955132.93088431 0.275 3117647.187057456 0.275 2488.2212480821067 0.275 35839607.61186574 0.275 3155680.4928066893 0.275 2488.2212480821067 0.275 37173216.339658245 0.275 2808467.050038976 0.275 2488.2212480821067 0.275 38782669.47283515 0.275 2776582.629082159
0.32500000000000007 2242.6786609535047 0.32500000000000007 23500129.676017944 0.32500000000000007 5654611.47487648 0.32500000000000007 2242.6786609535047 0.32500000000000007 31008047.845764834 0.32500000000000007 3482121.455094837 0.32500000000000007 2242.6786609535047 0.32500000000000007 31782380.15978646 0.32500000000000007 3614683.682858073 0.32500000000000007 2242.6786609535047 0.32500000000000007 32958855.394137125 0.32500000000000007 3311900.3936606804 0.32500000000000007 2242.6786609535047 0.32500000000000007 34549326.81742048 0.32500000000000007 3213080.5075789522
0.375 2131.957049586779 0.375 24013064.277192477 0.375 5599346.722362584 0.375 2131.957049586779 0.375 27108112.245556813 0.375 5493650.848599372 0.375 2131.957049586779 0.375 27786530.889649846 0.375 5947983.734031714 0.375 2131.957049586779 0.375 29256871.969081778 0.375 5495695.011456674 0.375 2131.957049586779 0.375 31372618.034968413 0.375 5152983.553287179
0.42500000000000004 2009.554495314822 0.42500000000000004 25786426.14227028 0.42500000000000004 3252571.3910248294 0.42500000000000004 2009.554495314822 0.42500000000000004 28966554.08976072 0.42500000000000004 3088270.1073391265 0.42500000000000004 2009.554495314822 0.42500000000000004 29755001.253350027 0.42500000000000004 3346154.105570362 0.42500000000000004 2009.554495314822 0.42500000000000004 31169881.79865277 0.42500000000000004 2979150.412400864 0.42500000000000004 2009.554495314822 0.42500000000000004 33025889.72876876 0.42500000000000004 2757165.460320489
0.475 1908.4105721614744 0.475 28006631.35495299 0.475 4776617.053598854 0.475 1908.4105721614744 0.475 36486651.65475074 0.475 2771234.2212236435 0.475 1908.4105721614744 0.475 37505182.39680924 0.475 2828678.6474704687 0.475 1908.4105721614744 0.475 38801717.259674355 0.475 2522365.1743247206 0.475 1908.4105721614744 0.475 40397238.71167784 0.475 2523703.7483148165
0.525 1895.8393504825747 0.525 25188957.867255542 0.525 3223054.763598495 0.525 1895.8393504825747 0.525 30851755.825877536 0.525 3213188.1153498855 0.525 1895.8393504825747 0.525 31741796.30580444 0.525 3475875.863000883 0.525 1895.8393504825747 0.525 32784948.377694927 0.525 3241773.457400482 0.525 1895.8393504825747 0.525 34633811.72969458 0.525 3056759.249174364
0.5750000000000001 1700.050854638912 0.5750000000000001 21827342.20804908 0.5750000000000001 5568045.916316431 0.5750000000000001 1700.050854638912 0.5750000000000001 32394153.83492277 0.5750000000000001 3584148.0431203702 0.5750000000000001 1700.050854638912 0.5750000000000001 33322136.84209255 0.5750000000000001 3905218.2817410314 0.5750000000000001 1700.050854638912 0.5750000000000001 34506744.18865599 0.5750000000000001 3662229.4626752343 0.5750000000000001 1700.050854638912 0.5750000000000001 36719187.86866839 0.5750000000000001 3317926.71937269
0.6250000000000001 1647.7866087151995 0.6250000000000001 22150710.931618296 0.6250000000000001 5103315.357836697 0.6250000000000001 1647.7866087151995 0.6250000000000001 31606746.94705147 0.6250000000000001 3437606.4208991053 0.6250000000000001 1647.7866087151995 0.6250000000000001 32560605.46122454 0.6250000000000001 3657355.405048623 0.6250000000000001 1647.7866087151995 0.6250000000000001 34234163.9387614 0.6250000000000001 3134697.3776418315 0.6250000000000001 1647.7866087151995 0.6250000000000001 36127330.653561465 0.6250000000000001 2937674.3191844686
0.675 1459.2759135338981 0.675 24173281.785103817 0.675 4565977.637378426 0.675 1459.2759135338981 0.675 30829944.285289288 0.675 4294924.09566386 0.675 1459.2759135338981 0.675 31678455.953111406 0.675 4297409.168543883 0.675 1459.2759135338981 0.675 32812702.863380127 0.675 4069451.3385889265 0.675 1459.2759135338981 0.675 34307455.211430326 0.675 4051571.9379366073
0.7250000000000001 1417.1812558189424 0.7250000000000001 27413076.86140511 0.7250000000000001 3972163.7544931555 0.7250000000000001 1417.1812558189424 0.7250000000000001 31039278.807443008 0.7250000000000001 3374619.0024520266 0.7250000000000001 1417.1812558189424 0.7250000000000001 31998782.34886384 0.7250000000000001 3552372.8256017654 0.7250000000000001 1417.1812558189424 0.7250000000000001 33051809.445129544 0.7250000000000001 3336949.346371253 0.7250000000000001 1417.1812558189424 0.7250000000000001 35053756.48700357 0.7250000000000001 3105838.5850881445
0.775 1365.8590214923204 0.775 26401769.364455212 0.775 3954431.650661382 0.775 1365.8590214923204 0.775 29371155.09223251 0.775 3137913.1741123656 0.775 1365.8590214923204 0.775 30233346.41176824 0.775 3483698.083631798 0.775 1365.8590214923204 0.775 31356807.305474594 0.775 3221759.717013151 0.775 1365.8590214923204 0.775 33385926.73567731 0.775 2934953.5150451185
0.8250000000000001 1305.8556175246486 0.8250000000000001 24100265.739673235 0.8250000000000001 5134299.715540288 0.8250000000000001 1305.8556175246486 0.8250000000000001 28437017.715874806 0.8250000000000001 3485063.508481899 0.8250000000000001 1305.8556175246486 0.8250000000000001 29202586.96651216 0.8250000000000001 3653978.2266914323 0.8250000000000001 1305.8556175246486 0.8250000000000001 30317623.682828482 0.8250000000000001 3385103.1360485633 0.8250000000000001 1305.8556175246486 0.8250000000000001 31985549.544047136 0.8250000000000001 3248527.6453096597
0.8750000000000001 1290.881687634041 0.8750000000000001 29469011.86545432 0.8750000000000001 7177334.409528376 0.8750000000000001 1290.881687634041 0.8750000000000001 40449128.65802476 0.8750000000000001 3803738.0230506137 0.8750000000000001 1290.881687634041 0.8750000000000001 41485749.754582234 0.8750000000000001 3940100.7164957505 0.8750000000000001 1290.881687634041 0.8750000000000001 42898714.65835109 0.8750000000000001 3593149.721916569 0.8750000000000001 1290.881687634041 0.8750000000000001 44841639.118269876 0.8750000000000001 3545418.0736210975
0.925 1263.1522350475427 0.925 23742388.700883612 0.925 5212684.763665638 0.925 1263.1522350475427 0.925 31868929.877593152 0.925 3393578.9369771495 0.925 1263.1522350475427 0.925 32786924.828697212 0.925 3643450.766409946 0.925 1263.1522350475427 0.925 34105141.591446385 0.925 3284766.142739261 0.925 1263.1522350475427 0.925 36072208.57079662 0.925 3096255.0626364374
0.9750000000000001 1180.1988660807692 0.9750000000000001 20227090.908260066 0.9750000000000001 5832966.682817331 0.9750000000000001 1180.1988660807692 0.9750000000000001 30256868.085933033 0.9750000000000001 3594829.750931674 0.9750000000000001 1180.1988660807692 0.9750000000000001 31183265.354730606 0.9750000000000001 3821505.161188247 0.9750000000000001 1180.1988660807692 0.9750000000000001 32462650.994763896 0.9750000000000001 3492093.0969502046 0.9750000000000001 1180.1988660807692 0.9750000000000001 34432015.4652165 0.9750000000000001 3221301.5535509186
1.025 1179.7349378489257 1.025 23207535.283294998 1.025 4540188.985895794 1.025 1179.7349378489257 1.025 29907591.65068457 1.025 3590524.551437073 1.025 1179.7349378489257 1.025 30749849.704827376 1.025 3697149.015780386 1.025 1179.7349378489257 1.025 32012052.473719966 1.025 3331679.3203240666 1.025 1179.7349378489257 1.025 33592526.735893615 1.025 3246274.7054426894
1.075 1080.0254071285278 1.075 23615946.76201226 1.075 8777471.00398503 1.075 1080.0254071285278 1.075 37320922.9927658 1.075 3494490.4227986317 1.075 1080.0254071285278 1.075 38453337.529462256 1.075 3590320.673525197 1.075 1080.0254071285278 1.075 39670013.667034455 1.075 3280796.924028582 1.075 1080.0254071285278 1.075 41645426.90686642 1.075 3129630.072059298
1.125 1064.0351429752277 1.125 24541616.289641883 1.125 3887803.8182275165 1.125 1064.0351429752277 1.125 28759955.18904403 1.125 2957303.2896747887 1.125 1064.0351429752277 1.125 29708912.917677686 1.125 3145867.9259711285 1.125 1064.0351429752277 1.125 30939767.76466208 1.125 2802477.0725453794 1.125 1064.0351429752277 1.125 32880400.72596921 1.125 2499035.94966775
1.175 1034.7335179991205 1.175 29862059.484929807 1.175 4750393.447262742 1.175 1034.7335179991205 1.175 35230041.3064845 1.175 3106190.1225563893 1.175 1034.7335179991205 1.175 36234047.31754644 1.175 3226712.4194118693 1.175 1034.7335179991205 1.175 37419908.36656448 1.175 2903546.7286028713 1.175 1034.7335179991205 1.175 39342187.71020414 1.175 2727338.986795717
1.225 940.6991759377188 1.225 26495161.5606432 1.225 6161917.315025603 1.225 940.6991759377188 1.225 35697756.7593949 1.225 2823349.166936408 1.225 940.6991759377188 1.225 36616063.41528386 1.225 2840387.2673225184 1.225 940.6991759377188 1.225 37833832.52745554 1.225 2548026.6390375257 1.225 940.6991759377188 1.225 39410253.56000281 1.225 2507222.871632121
1.275 989.7860117327795 1.275 26684242.790188357 1.275 5392510.513924746 1.275 989.7860117327795 1.275 32033040.24663277 1.275 3645481.5987857603 1.275 989.7860117327795 1.275 32972946.939549007 1.275 3792684.3697425616 1.275 989.7860117327795 1.275 33943236.363413416 1.275 3589167.476354832 1.275 989.7860117327795 1.275 35726353.277531 1.275 3407566.9515816346
1.325 957.0397200939441 1.325 26686728.826878365 1.325 5118023.905514714 1.325 957.0397200939441 1.325 35835083.96786313 1.325 2287322.3798019066 1.325 957.0397200939441 1.325 36906127.612976365 1.325 2506962.625649228 1.325 957.0397200939441 1.325 37925059.18447586 1.325 2305314.396403413 1.325 957.0397200939441 1.325 40048856.865544856 1.325 2064017.3308624688
1.375 949.0603454204978 1.375 22448298.855651975 1.375 4426799.539718939 1.375 949.0603454204978 1.375 30801078.688617613 1.375 2630247.051580455 1.375 949.0603454204978 1.375 31759364.820286278 1.375 2687847.499583514 1.375 949.0603454204978 1.375 32589437.774803963 1.375 2542095.4652613564 1.375 949.0603454204978 1.375 34116440.9715829 1.375 2430636.787733367
1.425 934.5955038111065 1.425 22627301.110479183 1.425 6221348.322489539 1.425 934.5955038111065 1.425 34995022.24333277 1.425 3043880.120394207 1.425 934.5955038111065 1.425 35985037.38582233 1.425 3127998.0338559425 1.425 934.5955038111065 1.425 36985424.65038145 1.425 2921426.383240426 1.425 934.5955038111065 1.425 38563845.48022374 1.425 2854394.651812704
1.475 899.6669460698555 1.475 21362515.909644812 1.475 5488340.390928678 1.475 899.6669460698555 1.475 30409418.98709826 1.475 3539090.524453006 1.475 899.6669460698555 1.475 31258592.102563806 1.475 3791865.408447512 1.475 899.6669460698555 1.475 32375907.67320319 1.475 3506879.111855182 1.475 899.6669460698555 1.475 34246621.89066045 1.475 3271549.9434359847
1.525 801.5726652361085 1.525 19526874.49350293 1.525 5068269.692567052 1.525 801.5726652361085 1.525 28224930.12168339 1.525 2847731.68423958 1.525 801.5726652361085 1.525 29083799.18389855 1.525 2986651.5284116333 1.525 801.5726652361085 1.525 29942378.551512662 1.525 2784927.565532845 1.525 801.5726652361085 1.525 31669277.628388964 1.525 2588248.149894526
1.575 816.7926636231574 1.575 20165114.41532517 1.575 6928480.395046963 1.575 816.7926636231574 1.575 30795625.781719282 1.575 3239168.560528049 1.575 816.7926636231574 1.575 31782130.356467713 1.575 3175823.977422683 1.575 816.7926636231574 1.575 32815767.807107423 1.575 2915584.1610439024 1.575 816.7926636231574 1.575 34147757.964906566 1.575 2933147.2964846618
1.625 748.1624247172754 1.625 20790432.045858808 1.625 4622300.1529546995 1.625 748.1624247172754 1.625 28463762.434340566 1.625 2467747.9459251366 1.625 748.1624247172754 1.625 29337678.20768351 1.625 2448864.725014666 1.625 748.1624247172754 1.625 30078111.92299114 1.625 2318444.73147798 1.625 748.1624247172754 1.625 31439707.138420198 1.625 2244517.87408617
1.675 700.0092217981402 1.675 20344408.004509132 1.675 4399088.733160148 1.675 700.0092217981402 1.675 28171983.998876505 1.675 2427311.402509952 1.675 700.0092217981402 1.675 29016961.122312278 1.675 2555614.5138572413 1.675 700.0092217981402 1.675 29740458.90734155 1.675 2415707.4510640088 1.675 700.0092217981402 1.675 31430980.990084957 1.675 2233162.2730447114
1.725 709.096702043579 1.725 18912274.78229857 1.725 3526503.2145583704 1.725 709.096702043579 1.725 23693960.586892225 1.725 2748656.8524685465 1.725 709.096702043579 1.725 24346531.287740134 1.725 2866899.3610568224 1.725 709.096702043579 1.725 25111032.350426115 1.725 2688160.574084326 1.725 709.096702043579 1.725 26477269.34974646 1.725 2555117.0263949037
1.775 728.4944301286478 1.775 16829827.527358975 1.775 3397496.67429906 1.775 728.4944301286478 1.775 20865978.732634097 1.775 2748570.1741219833 1.775 728.4944301286478 1.775 21378961.59744517 1.775 2739559.7897258615 1.775 728.4944301286478 1.775 22063846.01807073 1.775 2574029.9009265113 1.775 728.4944301286478 1.775 23025366.019053157 1.775 2571938.274063648
1.825 708.3052091329132 1.825 15138631.690162435 1.825 2823558.1846244824 1.825 708.3052091329132 1.825 20132889.855694752 1.825 2075466.1037137785 1.825 708.3052091329132 1.825 20633742.75290451 1.825 2149368.478922593 1.825 708.3052091329132 1.825 21331396.02094241 1.825 1973578.333143014 1.825 708.3052091329132 1.825 22393710.35322924 1.825 1894253.7100101653
1.875 718.2600992437277 1.875 15116389.396537377 1.875 3655020.4930713875 1.875 718.2600992437277 1.875 22121966.60444212 1.875 1707825.6262855143 1.875 718.2600992437277 1.875 22711264.2269111 1.875 1884816.4773614015 1.875 718.2600992437277 1.875 23359247.205375314 1.875 1745993.1422423678 1.875 718.2600992437277 1.875 24740548.066482197 1.875 1563238.8586699455
1.925 701.1994854182501 1.925 17906973.575414486 1.925 2693511.3834008905 1.925 701.1994854182501 1.925 23240563.69791798 1.925 2163330.133765813 1.925 701.1994854182501 1.925 23857833.45380746 1.925 2251064.039400657 1.925 701.1994854182501 1.925 24478012.557371814 1.925 2136704.476913601 1.925 701.1994854182501 1.925 25728070.437822405 1.925 2045241.9471721037
1.975 705.1599801496731 1.975 15746898.658233719 1.975 2985002.6087693926 1.975 705.1599801496731 1.975 19765118.9429076 1.975 2089708.519117504 1.975 705.1599801496731 1.975 20342890.446097914 1.975 2057648.734986628 1.975 705.1599801496731 1.975 20909444.204543915 1.975 1946814.3025240628 1.975 705.1599801496731 1.975 21754113.477842998 1.975 1954682.0395638382
2.025 655.2506015704842 2.025 18010035.92788826 2.025 3537423.5679929494 2.025 655.2506015704842 2.025 22720325.75888463 2.025 2591194.1989499615 2.025 655.2506015704842 2.025 23345869.103206187 2.025 2602215.3717521876 2.025 655.2506015704842 2.025 24199318.421842035 2.025 2391372.417406007 2.025 655.2506015704842 2.025 25287766.144700594 2.025 2356957.269299783
2.075 615.903014741456 2.075 17841738.329355154 2.075 3868146.811498916 2.075 615.903014741456 2.075 22007521.99133344 2.075 2618688.3324606544 2.075 615.903014741456 2.075 22608714.72046676 2.075 2770208.6934581306 2.075 615.903014741456 2.075 23430669.03066095 2.075 2543383.766059185 2.075 615.903014741456 2.075 24709116.18321851 2.075 2398992.8524769526
2.125 567.5088655273738 2.125 16756911.546897 2.125 3455357.3183864206 2.125 567.5088655273738 2.125 20777285.404419884 2.125 2312086.7754345136 2.125 567.5088655273738 2.125 21322748.226339493 2.125 2402521.1632188633 2.125 567.5088655273738 2.125 22128847.227108598 2.125 2164919.5838852893 2.125 567.5088655273738 2.125 23272260.25333824 2.125 2062431.8110834504
2.175 564.3622096018212 2.175 16128422.148857456 2.175 5117275.632295469 2.175 564.3622096018212 2.175 24918551.795010004 2.175 2302357.6560068782 2.175 564.3622096018212 2.175 25579604.128785193 2.175 2324997.510758122 2.175 564.3622096018212 2.175 26711002.494612496 2.175 1962852.369544135 2.175 564.3622096018212 2.175 27813494.632386077 2.175 1956367.780356273
2.225 568.9065503234751 2.225 13107681.485069769 2.225 2656240.4563519447 2.225 568.9065503234751 2.225 16011628.45030178 2.225 2316209.8425272857 2.225 568.9065503234751 2.225 16454008.670564719 2.225 2358511.028296117 2.225 568.9065503234751 2.225 17165957.030381296 2.225 2145950.9719782304 2.225 568.9065503234751 2.225 17966254.80215572 2.225 2121905.240902671
2.275 565.016529172764 2.275 14533367.16862858 2.275 2754318.0726131196 2.275 565.016529172764 2.275 18488276.93505821 2.275 1876211.137739399 2.275 565.016529172764 2.275 19050566.21676181 2.275 1961541.544006848 2.275 565.016529172764 2.275 19740747.25569117 2.275 1776798.0495826972 2.275 565.016529172764 2.275 20839886.1941276 2.275 1682098.2630774982
2.325 557.0560686621167 2.325 19263441.33423329 2.325 3287363.310982564 2.325 557.0560686621167 2.325 26772265.576824747 2.325 1479057.1041441746 2.325 557.0560686621167 2.325 27426476.820691023 2.325 1609859.15974543 2.325 557.0560686621167 2.325 28347131.758801028 2.325 1377437.2727442076 2.325 557.0560686621167 2.325 29680212.285565343 2.325 1313849.4894975168
2.375 538.3166708560739 2.375 16061913.432813013 2.375 2223483.4792962763 2.375 538.3166708560739 2.375 20058521.24030147 2.375 1736449.2699715057 2.375 538.3166708560739 2.375 20564557.707203552 2.375 1751859.401578181 2.375 538.3166708560739 2.375 21361254.477032375 2.375 1538645.899527008 2.375 538.3166708560739 2.375 22225714.329914976 2.375 1563608.2989330841
2.4250000000000003 513.2283032682583 2.4250000000000003 14130355.84075576 2.4250000000000003 5554600.062180996 2.4250000000000003 513.2283032682583 2.4250000000000003 24785405.387146063 2.4250000000000003 1650567.5785952033 2.4250000000000003 513.2283032682583 2.4250000000000003 25495596.1088203 2.4250000000000003 1669542.9813361082 2.4250000000000003 513.2283032682583 2.4250000000000003 26261407.782407835 2.4250000000000003 1502304.931738287 2.4250000000000003 513.2283032682583 2.4250000000000003 27397063.526689366 2.4250000000000003 1474827.3249180533
2.475 455.03743582361017 2.475 11473812.999367947 2.475 5113106.08579276 2.475 455.03743582361017 2.475 19405131.519122865 2.475 2118110.3482655934 2.475 455.03743582361017 2.475 20003385.47245845 2.475 2204222.8349653273 2.475 455.03743582361017 2.475 20749841.849706184 2.475 1984763.3084667735 2.475 455.03743582361017 2.475 21942048.80448468 2.475 1855251.592000983
2.525 460.7360278384803 2.525 10429106.088649178 2.525 4790835.522003474 2.525 460.7360278384803 2.525 16955464.505104225 2.525 2172701.502958307 2.525 460.7360278384803 2.525 17465773.665723808 2.525 2254191.625480851 2.525 460.7360278384803 2.525 18044387.3219084 2.525 2095745.473343347 2.525 460.7360278384803 2.525 19053218.934359234 2.525 1978152.9843516457
2.575 465.054729014085 2.575 10627118.265338985 2.575 5943075.304819363 2.575 465.054729014085 2.575 19444253.110564124 2.575 2037713.3975825303 2.575 465.054729014085 2.575 19959543.892260514 2.575 2027189.1581211863 2.575 465.054729014085 2.575 20493278.397972945 2.575 1909015.6964879767 2.575 465.054729014085 2.575 21310315.46207577 2.575 1902378.0245711342
2.625 485.56767900738527 2.625 9994088.025376245 2.625 9834461.891723799 2.625 485.56767900738527 2.625 26128970.131921254 2.625 2624401.823633412 2.625 485.56767900738527 2.625 26826867.584893595 2.625 2628731.570878889 2.625 485.56767900738527 2.625 27490193.73601904 2.625 2480344.050347088 2.625 485.56767900738527 2.625 28655236.98609908 2.625 2436877.3308470845
2.6750000000000003 505.0895021347173 2.6750000000000003 10676980.955746312 2.6750000000000003 6153778.751282626 2.6750000000000003 505.0895021347173 2.6750000000000003 21438156.22035622 2.6750000000000003 2245584.903412652 2.6750000000000003 505.0895021347173 2.6750000000000003 22073349.755792275 2.6750000000000003 2308499.786950701 2.6750000000000003 505.0895021347173 2.6750000000000003 22636379.50233659 2.6750000000000003 2184528.0938107893 2.6750000000000003 505.0895021347173 2.6750000000000003 23770896.469061278 2.6750000000000003 2093763.6481968071
2.725 478.229206903622 2.725 9042755.125335012 2.725 3851904.3761070343 2.725 478.229206903622 2.725 15385601.148914393 2.725 1803102.871825077 2.725 478.229206903622 2.725 15801809.41028823 2.725 1864834.1053997187 2.725 478.229206903622 2.725 16261189.554350175 2.725 1756583.1546176882 2.725 478.229206903622 2.725 17079935.52670338 2.725 1718551.0295976505
2.775 469.2532760079902 2.775 9040344.904675001 2.775 3057928.248849131 2.775 469.2532760079902 2.775 13913879.158196047 2.775 1430711.9631671724 2.775 469.2532760079902 2.775 14318396.825507293 2.775 1435921.2602238075 2.775 469.2532760079902 2.775 14783127.675158866 2.775 1325337.2592041297 2.775 469.2532760079902 2.775 15417698.764921952 2.775 1313015.1355319642
2.825 484.13340309040916 2.825 10705190.963721478 2.825 2957540.6135372957 2.825 484.13340309040916 2.825 16353034.96132402 2.825 1144267.7025818448 2.825 484.13340309040916 2.825 16799020.88914832 2.825 1213514.208567547 2.825 484.13340309040916 2.825 17283025.041986257 2.825 1094627.3162586775 2.825 484.13340309040916 2.825 18121082.455911297 2.825 1050984.534781008
2.875 471.28632983859495 2.875 10599306.132572459 2.875 3392303.034143388 2.875 471.28632983859495 2.875 16171034.318220258 2.875 1555946.0472719648 2.875 471.28632983859495 2.875 16688818.229067797 2.875 1599074.3290501824 2.875 471.28632983859495 2.875 17273012.737790797 2.875 1436839.5757060112 2.875 471.28632983859495 2.875 18173682.410146482 2.875 1354298.1706618522
2.9250000000000003 427.0976603151327 2.9250000000000003 11888113.140670104 2.9250000000000003 2392005.6143355262 2.9250000000000003 427.0976603151327 2.9250000000000003 15656011.434400415 2.9250000000000003 1542505.62847851 2.9250000000000003 427.0976603151327 2.9250000000000003 16142782.247116512 2.9250000000000003 1535920.5276621003 2.9250000000000003 427.0976603151327 2.9250000000000003 16827117.50620187 2.9250000000000003 1334748.0296672639 2.9250000000000003 427.0976603151327 2.9250000000000003 17579578.62020569 2.9250000000000003 1303463.566436523
2.975 439.09080133246397 2.975 11257000.321315683 2.975 2272255.378408031 2.975 439.09080133246397 2.975 14597638.767510584 2.975 1502106.490318397 2.975 439.09080133246397 2.975 14995308.36007032 2.975 1509595.6565147592 2.975 439.09080133246397 2.975 15669681.016307054 2.975 1299299.3351603409 2.975 439.09080133246397 2.975 16381584.26194274 2.975 1271401.9181528955
3.025 426.6995598369704 3.025 14115829.214628397 3.025 2870201.6777597726 3.025 426.6995598369704 3.025 18731957.416566223 3.025 1514910.773301973 3.025 426.6995598369704 3.025 19182568.78349795 3.025 1589566.9483239905 3.025 426.6995598369704 3.025 19809041.968049414 3.025 1414834.160433812 3.025 426.6995598369704 3.025 20718535.476036523 3.025 1366778.7015189955
3.075 419.13660981291815 3.075 15566999.786732985 3.075 3032876.3637196273 3.075 419.13660981291815 3.075 20494104.914553143 3.075 1686211.5506376193 3.075 419.13660981291815 3.075 21005755.504281435 3.075 1721979.5400965621 3.075 419.13660981291815 3.075 21545599.29326389 3.075 1613768.649960465 3.075 419.13660981291815 3.075 22483743.205103364 3.075 1591155.3601833475
3.125 429.8031391989189 3.125 15878986.284834228 3.125 2753380.090759023 3.125 429.8031391989189 3.125 21655889.321116723 3.125 1620360.5793800198 3.125 429.8031391989189 3.125 22203088.67029374 3.125 1648600.541197727 3.125 429.8031391989189 3.125 22795512.829452433 3.125 1505567.9013288107 3.125 429.8031391989189 3.125 23729837.227633975 3.125 1503422.6353204444
3.1750000000000003 394.6734295215541 3.1750000000000003 16756992.32480349 3.1750000000000003 2820238.9929724233 3.1750000000000003 394.6734295215541 3.1750000000000003 23200715.791468468 3.1750000000000003 1629026.47155514 3.1750000000000003 394.6734295215541 3.1750000000000003 23788764.40693376 3.1750000000000003 1676816.0503729514 3.1750000000000003 394.6734295215541 3.1750000000000003 24390159.890049573 3.1750000000000003 1538233.6180315062 3.1750000000000003 394.6734295215541 3.1750000000000003 25444883.043350074 3.1750000000000003 1501891.5763099194
3.225 398.5428789793427 3.225 16567609.45740256 3.225 2403336.8639688157 3.225 398.5428789793427 3.225 22104247.22988197 3.225 1610663.0090561886 3.225 398.5428789793427 3.225 22677392.33635861 3.225 1660168.2866854803 3.225 398.5428789793427 3.225 23396683.495225385 3.225 1474927.785818002 3.225 398.5428789793427 3.225 24454924.91740545 3.225 1424576.18432674
3.275 365.5849447474833 3.275 13807462.619153928 3.275 1909764.8407092437 3.275 365.5849447474833 3.275 16929500.519677054 3.275 1696971.8760076482 3.275 365.5849447474833 3.275 17367829.714794513 3.275 1723591.019664516 3.275 365.5849447474833 3.275 17864997.367667243 3.275 1602351.2563865164 3.275 365.5849447474833 3.275 18677709.083629392 3.275 1564222.5936211466
3.325 354.47744385048674 3.325 13381037.07767867 3.325 1851191.5871684733 3.325 354.47744385048674 3.325 15927832.034386609 3.325 1624914.5479370577 3.325 354.47744385048674 3.325 16337129.602979857 3.325 1638683.9373585677 3.325 354.47744385048674 3.325 16891542.919391386 3.325 1489865.6106948548 3.325 354.47744385048674 3.325 17609147.221880853 3.325 1468336.1770262965
3.375 376.4614133991371 3.375 13172921.366281616 3.375 2089973.4977296414 3.375 376.4614133991371 3.375 16552583.026777757 3.375 1401564.68841011 3.375 376.4614133991371 3.375 16998348.106465973 3.375 1421476.0675069632 3.375 376.4614133991371 3.375 17552584.15124439 3.375 1276717.0400967887 3.375 376.4614133991371 3.375 18343270.495226763 3.375 1253777.827977625
3.4250000000000003 362.983489517853 3.4250000000000003 14971675.395614877 3.4250000000000003 2260882.349193479 3.4250000000000003 362.983489517853 3.4250000000000003 19066732.242637187 3.4250000000000003 1390353.1542698103 3.4250000000000003 362.983489517853 3.4250000000000003 19557992.966691986 3.4250000000000003 1418640.2630652864 3.4250000000000003 362.983489517853 3.4250000000000003 20201754.321870867 3.4250000000000003 1251054.5567962546 3.4250000000000003 362.983489517853 3.4250000000000003 21095490.11703367 3.4250000000000003 1231444.787757583
3.475 371.9935316473368 3.475 14911893.763952876 3.475 2291889.9252867755 3.475 371.9935316473368 3.475 18921512.814683568 3.475 1768793.944709475 3.475 371.9935316473368 3.475 19413130.241503622 3.475 1800962.6242455395 3.475 371.9935316473368 3.475 20066239.65993926 3.475 1614531.9827202598 3.475 371.9935316473368 3.475 20915759.62426463 3.475 1621629.1366712272
3.525 360.8234948038868 3.525 13000804.334909746 3.525 4453598.23815702 3.525 360.8234948038868 3.525 22368543.458718956 3.525 1316678.2506663331 3.525 360.8234948038868 3.525 22984281.236476254 3.525 1315982.095740349 3.525 360.8234948038868 3.525 23831525.037347484 3.525 1065377.8084029818 3.525 360.8234948038868 3.525 24777206.507428255 3.525 1078994.211709163
3.575 364.7731750075459 3.575 12841157.325529044 3.575 3443054.7542614695 3.575 364.7731750075459 3.575 19669258.969291005 3.575 1475936.2727640457 3.575 364.7731750075459 3.575 20208861.810604002 3.575 1507953.923505644 3.575 364.7731750075459 3.575 20961763.50325654 3.575 1294283.7607713891 3.575 364.7731750075459 3.575 21868950.46810299 3.575 1275786.2092296858
3.625 382.7922615166197 3.625 10111184.937596325 3.625 2434412.010959488 3.625 382.7922615166197 3.625 13755578.098080162 3.625 1524813.9285530671 3.625 382.7922615166197 3.625 14136970.69783068 3.625 1588766.56081672 3.625 382.7922615166197 3.625 14770602.53103951 3.625 1390303.9461940008 3.625 382.7922615166197 3.625 15491906.776418388 3.625 1372168.1296581218
3.6750000000000003 337.20564701113636 3.6750000000000003 13542228.031339653 3.6750000000000003 2222021.1927600023 3.6750000000000003 337.20564701113636 3.6750000000000003 18640865.18041109 3.6750000000000003 1015972.3551748785 3.6750000000000003 337.20564701113636 3.6750000000000003 19105541.604785517 3.6750000000000003 1046604.3082084882 3.6750000000000003 337.20564701113636 3.6750000000000003 19761594.309977457 3.6750000000000003 878819.0811597747 3.6750000000000003 337.20564701113636 3.6750000000000003 20608155.63213893 3.6750000000000003 906154.7012778752
3.725 346.20562658928117 3.725 10723085.133825226 3.725 3433439.0067692837 3.725 346.20562658928117 3.725 16586127.78744022 3.725 1515417.9220287544 3.725 346.20562658928117 3.725 17023184.601423226 3.725 1513316.5093844444 3.725 346.20562658928117 3.725 17581945.391543977 3.725 1364571.1092543069 3.725 346.20562658928117 3.725 18256829.89065889 3.725 1392861.2651161735
3.775 355.8151236312745 3.775 8858891.9133446 3.775 1731313.9966247843 3.775 355.8151236312745 3.775 10644505.536133688 3.775 1245221.2656252203 3.775 355.8151236312745 3.775 10966738.957790947 3.775 1269646.5626861851 3.775 355.8151236312745 3.775 11485367.644985182 3.775 1115308.8362486723 3.775 355.8151236312745 3.775 12008704.333680615 3.775 1106803.2689613602
3.825 344.5994107741928 3.825 9443320.397768833 3.825 3486685.2112163263 3.825 344.5994107741928 3.825 14568184.702074846 3.825 1466056.3201831956 3.825 344.5994107741928 3.825 14971398.58121964 3.825 1527306.1128332375 3.825 344.5994107741928 3.825 15594404.78585699 3.825 1327437.6246076943 3.825 344.5994107741928 3.825 16362727.232756492 3.825 1305476.3678636586
3.875 366.6493148398656 3.875 13288045.302193234 3.875 2811131.209466148 3.875 366.6493148398656 3.875 18253176.025803573 3.875 1371884.7147584215 3.875 366.6493148398656 3.875 18716031.367182575 3.875 1389854.7121678765 3.875 366.6493148398656 3.875 19467653.660571378 3.875 1171587.2504132024 3.875 366.6493148398656 3.875 20280408.910722103 3.875 1182019.9646069545
3.9250000000000003 357.2472214530598 3.9250000000000003 10986300.769301793 3.9250000000000003 2186804.966638019 3.9250000000000003 357.2472214530598 3.9250000000000003 14091044.733381672 3.9250000000000003 1648182.3255616627 3.9250000000000003 357.2472214530598 3.9250000000000003 14461853.618956301 3.9250000000000003 1626703.8119651699 3.9250000000000003 357.2472214530598 3.9250000000000003 15143017.204035748 3.9250000000000003 1408753.4563054272 3.9250000000000003 357.2472214530598 3.9250000000000003 15749939.562805073 3.9250000000000003 1433639.9575120616
3.975 333.36117227000113 3.975 11032936.231607862 3.975 1951647.4406954471 3.975 333.36117227000113 3.975 15042461.106754633 3.975 1144884.6445508008 3.975 333.36117227000113 3.975 15455882.312524328 3.975 1158840.9583901523 3.975 333.36117227000113 3.975 16051595.755887197 3.975 990763.8980772039 3.975 333.36117227000113 3.975 16771429.951712396 3.975 984636.6432327442
4.025 323.50266884776687 4.025 8893023.666863946 4.025 1849673.7139681494 4.025 323.50266884776687 4.025 12387610.94372325 4.025 974900.2974267125 4.025 323.50266884776687 4.025 12779755.314670637 4.025 997122.7653877847 4.025 323.50266884776687 4.025 13244620.029305495 4.025 870506.1487742537 4.025 323.50266884776687 4.025 13919689.41198704 4.025 826718.0794417012
4.075 332.4442458041696 4.075 7850902.74668617 4.075 1850358.3972252693 4.075 332.4442458041696 4.075 10840573.305087512 4.075 1233077.102396425 4.075 332.4442458041696 4.075 11153392.638708914 4.075 1239858.4820109147 4.075 332.4442458041696 4.075 11641406.39635347 4.075 1091313.4012860095 4.075 332.4442458041696 4.075 12193743.103417495 4.075 1086839.2679608164
4.125000000000001 326.4254058780095 4.125000000000001 6765255.444151615 4.125000000000001 2283920.4775201012 4.125000000000001 326.4254058780095 4.125000000000001 9939353.938768538 4.125000000000001 1355001.7595617834 4.125000000000001 326.4254058780095 4.125000000000001 10284950.886606554 4.125000000000001 1307002.3074429918 4.125000000000001 326.4254058780095 4.125000000000001 10772480.856313536 4.125000000000001 1155415.7489027185 4.125000000000001 326.4254058780095 4.125000000000001 11205063.520685041 4.125000000000001 1166735.7673960177
4.175000000000001 342.29089047413527 4.175000000000001 10941954.243982075 4.175000000000001 1732842.997583521 4.175000000000001 342.29089047413527 4.175000000000001 14281350.002257012 4.175000000000001 1158930.2580714186 4.175000000000001 342.29089047413527 4.175000000000001 14702785.094282355 4.175000000000001 1152566.0278164807 4.175000000000001 342.29089047413527 4.175000000000001 15109520.50093034 4.175000000000001 1056619.910678108 4.175000000000001 342.29089047413527 4.175000000000001 15766499.209853992 4.175000000000001 1056712.963166201
4.2250000000000005 335.2098625802588 4.2250000000000005 9983163.887602424 4.2250000000000005 2316773.9989286666 4.2250000000000005 335.2098625802588 4.2250000000000005 13967264.424779374 4.2250000000000005 1345158.9317280801 4.2250000000000005 335.2098625802588 4.2250000000000005 14340993.262372077 4.2250000000000005 1387097.9631020091 4.2250000000000005 335.2098625802588 4.2250000000000005 14712126.261317374 4.2250000000000005 1310525.003113224 4.2250000000000005 335.2098625802588 4.2250000000000005 15406907.306081163 4.2250000000000005 1283404.4157059265
4.275 320.66007506264737 4.275 11336182.807584044 4.275 2680250.3495834474 4.275 320.66007506264737 4.275 16628248.854371952 4.275 1024355.220729966 4.275 320.66007506264737 4.275 17045695.5077915 4.275 1055587.3853866186 4.275 320.66007506264737 4.275 17448372.150766797 4.275 982383.3409950495 4.275 320.66007506264737 4.275 18184542.377054326 4.275 982143.0123377631
4.325 326.3412731787774 4.325 12761986.203453789 4.325 2249241.123676787 4.325 326.3412731787774 4.325 15155206.441276196 4.325 1759053.1330069427 4.325 326.3412731787774 4.325 15533755.561351284 4.325 1755329.6593721677 4.325 326.3412731787774 4.325 16022793.201883659 4.325 1636807.478024772 4.325 326.3412731787774 4.325 16685707.193265175 4.325 1642942.873664443
4.375000000000001 331.9645131578771 4.375000000000001 14118199.017321005 4.375000000000001 1788233.5120010846 4.375000000000001 331.9645131578771 4.375000000000001 17536064.566935215 4.375000000000001 1269273.3962808738 4.375000000000001 331.9645131578771 4.375000000000001 18005470.08774215 4.375000000000001 1259518.1651313757 4.375000000000001 331.9645131578771 4.375000000000001 18622810.275759555 4.375000000000001 1107918.8299384955 4.375000000000001 331.9645131578771 4.375000000000001 19351927.78509066 4.375000000000001 1118623.3673540074
4.425000000000001 318.7341655652248 4.425000000000001 11329118.344147239 4.425000000000001 2278228.9187479555 4.425000000000001 318.7341655652248 4.425000000000001 15949593.863914235 4.425000000000001 1124637.3306324596 4.425000000000001 318.7341655652248 4.425000000000001 16348146.857385656 4.425000000000001 1148115.0392202646 4.425000000000001 318.7341655652248 4.425000000000001 16872515.65840871 4.425000000000001 1022794.3260670961 4.425000000000001 318.7341655652248 4.425000000000001 17621976.598626804 4.425000000000001 1008983.8087960966
4.4750000000000005 315.3474983405916 4.4750000000000005 9871645.996153729 4.4750000000000005 2571103.975161626 4.4750000000000005 315.3474983405916 4.4750000000000005 15642041.607042057 4.4750000000000005 1016386.4462408515 4.4750000000000005 315.3474983405916 4.4750000000000005 16045385.949773822 4.4750000000000005 1033405.3828399904 4.4750000000000005 315.3474983405916 4.4750000000000005 16565542.924360555 4.4750000000000005 909367.0831768593 4.4750000000000005 315.3474983405916 4.4750000000000005 17270001.51111079 4.4750000000000005 921426.9681362764
4.525 329.83920334487385 4.525 9502275.750528842 4.525 2013027.049666109 4.525 329.83920334487385 4.525 13373446.103193568 4.525 1090963.885361079 4.525 329.83920334487385 4.525 13732513.51441447 4.525 1090409.6282108412 4.525 329.83920334487385 4.525 14267510.341062026 4.525 937312.9486708093 4.525 329.83920334487385 4.525 14841371.168736666 4.525 942857.3674602682
4.575 344.4265622392432 4.575 8586711.47399093 4.575 2872876.986174643 4.575 344.4265622392432 4.575 13855778.027339697 4.575 1118671.1078870005 4.575 344.4265622392432 4.575 14206000.482134225 4.575 1123677.8185720898 4.575 344.4265622392432 4.575 14906163.939056082 4.575 900634.0800178197 4.575 344.4265622392432 4.575 15537116.547468642 4.575 916791.529595431
4.625000000000001 344.3390593315667 4.625000000000001 8902677.387768889 4.625000000000001 2223130.22795998 4.625000000000001 344.3390593315667 4.625000000000001 12507978.977848424 4.625000000000001 1178587.2081494587 4.625000000000001 344.3390593315667 4.625000000000001 12840831.274834469 4.625000000000001 1189954.612966675 4.625000000000001 344.3390593315667 4.625000000000001 13441308.216767738 4.625000000000001 1015376.2677307985 4.625000000000001 344.3390593315667 4.625000000000001 14036653.268673243 4.625000000000001 1037346.5055852886
4.675000000000001 343.78606217425465 4.675000000000001 9153130.541390177 4.675000000000001 2797613.379026636 4.675000000000001 343.78606217425465 4.675000000000001 13180116.808423769 4.675000000000001 1405279.192979424 4.675000000000001 343.78606217425465 4.675000000000001 13524684.41255678 4.675000000000001 1415351.5966126877 4.675000000000001 343.78606217425465 4.675000000000001 14058825.574703299 4.675000000000001 1270002.6565770274 4.675000000000001 343.78606217425465 4.675000000000001 14684935.570627734 4.675000000000001 1254695.531729556
4.7250000000000005 329.41209761243 4.7250000000000005 10330506.667012393 4.7250000000000005 2666883.718908655 4.7250000000000005 329.41209761243 4.7250000000000005 13973138.416371983 4.7250000000000005 1585853.3980636687 4.7250000000000005 329.41209761243 4.7250000000000005 14338588.263582328 4.7250000000000005 1575429.163989527 4.7250000000000005 329.41209761243 4.7250000000000005 15000297.698330387 4.7250000000000005 1381773.772139161 4.7250000000000005 329.41209761243 4.7250000000000005 15607066.431728492 4.7250000000000005 1389683.1937553664
4.775 333.6713605335235 4.775 10765398.253893837 4.775 1591061.2830564918 4.775 333.6713605335235 4.775 12765232.688549386 4.775 1301349.8894205168 4.775 333.6713605335235 4.775 13097999.502097001 4.775 1287690.7091094973 4.775 333.6713605335235 4.775 13671789.328904845 4.775 1117633.8341388751 4.775 333.6713605335235 4.775 14235742.101906594 4.775 1129698.1621125725
4.825000000000001 334.5173599814313 4.825000000000001 11308902.105218934 4.825000000000001 2183463.229170349 4.825000000000001 334.5173599814313 4.825000000000001 14021412.452826424 4.825000000000001 1716055.797423814 4.825000000000001 334.5173599814313 4.825000000000001 14404117.98368383 4.825000000000001 1696347.9093569934 4.825000000000001 334.5173599814313 4.825000000000001 14974590.886339154 4.825000000000001 1542070.450174437 4.825000000000001 334.5173599814313 4.825000000000001 15613495.990631271 4.825000000000001 1537583.9986458656
4.875000000000001 339.8096031327085 4.875000000000001 11697902.364972174 4.875000000000001 3713965.010284068 4.875000000000001 339.8096031327085 4.875000000000001 18936800.873359308 4.875000000000001 1300505.5179572923 4.875000000000001 339.8096031327085 4.875000000000001 19493823.15696946 4.875000000000001 1266020.529809601 4.875000000000001 339.8096031327085 4.875000000000001 19976799.033734083 4.875000000000001 1174143.4890194926 4.875000000000001 339.8096031327085 4.875000000000001 20800892.870886132 4.875000000000001 1157125.4321575088
4.925000000000001 333.0309324958696 4.925000000000001 9558450.934391825 4.925000000000001 2659535.59968064 4.925000000000001 333.0309324958696 4.925000000000001 13603907.012144336 4.925000000000001 1558402.7581892102 4.925000000000001 333.0309324958696 4.925000000000001 14019043.836113162 4.925000000000001 1532087.2611763822 4.925000000000001 333.0309324958696 4.925000000000001 14571330.727160858 4.925000000000001 1366576.4524312103 4.925000000000001 333.0309324958696 4.925000000000001 15174446.143928567 4.925000000000001 1348534.9400638554
4.9750000000000005 341.95068272156493 4.9750000000000005 8774843.968270201 4.9750000000000005 5270197.215469273 4.9750000000000005 341.95068272156493 4.9750000000000005 18102840.5190994 4.9750000000000005 1910085.3041143892 4.9750000000000005 341.95068272156493 4.9750000000000005 18548258.545993872 4.9750000000000005 1911468.3139985553 4.9750000000000005 341.95068272156493 4.9750000000000005 19287340.802119493 4.9750000000000005 1684581.6505260179 4.9750000000000005 341.95068272156493 4.9750000000000005 20057604.49357346 4.9750000000000005 1681955.6200580692
