PRE_x_5_sig_First_SNC PRE_y_5_sig_First_SNC PRE_x_7.5_sig_Per_SNC PRE_y_7.5_sig_Per_SNC PRE_x_10_sig_Per_SNC PRE_y_10_sig_Per_SNC PRE_x_12.5_sig_Per_SNC PRE_y_12.5_sig_Per_SNC PRE_x_15_sig_Per_SNC PRE_y_15_sig_Per_SNC BRN_x_5_sig_First_SNC BRN_y_5_sig_First_SNC BRN_x_7.5_sig_Per_SNC BRN_y_7.5_sig_Per_SNC BRN_x_10_sig_Per_SNC BRN_y_10_sig_Per_SNC BRN_x_12.5_sig_Per_SNC BRN_y_12.5_sig_Per_SNC BRN_x_15_sig_Per_SNC BRN_y_15_sig_Per_SNC PST_x_5_sig_First_SNC PST_y_5_sig_First_SNC PST_x_7.5_sig_Per_SNC PST_y_7.5_sig_Per_SNC PST_x_10_sig_Per_SNC PST_y_10_sig_Per_SNC PST_x_12.5_sig_Per_SNC PST_y_12.5_sig_Per_SNC PST_x_15_sig_Per_SNC PST_y_15_sig_Per_SNC
0.024999999999999994 20622.511558470676 0.024999999999999994 20622.511558470676 0.024999999999999994 20622.511558470676 0.024999999999999994 20622.511558470676 0.024999999999999994 20622.511558470676 0.024999999999999994 27759.97018236922 0.024999999999999994 27259.458595026394 0.024999999999999994 26694.92281964873 0.024999999999999994 26619.865414490836 0.024999999999999994 26681.816814074584 0.024999999999999994 45230.47648086599 0.024999999999999994 44053.975465992866 0.024999999999999994 43822.51272626107 0.024999999999999994 43628.17381893531 0.024999999999999994 43373.82687748597
0.075 3363.9497948863573 0.075 3363.9497948863573 0.075 3363.9497948863573 0.075 3363.9497948863573 0.075 3363.9497948863573 0.075 2777.4125868588603 0.075 3127.381984542071 0.075 3109.5774248524635 0.075 3143.466374568337 0.075 3200.275215755022 0.075 6261.468256151876 0.075 6262.881098594732 0.075 6219.779864532197 0.075 6182.525923334462 0.075 6153.042717207506
0.125 2204.5256680609596 0.125 2204.5256680609596 0.125 2204.5256680609596 0.125 2204.5256680609596 0.125 2204.5256680609596 0.125 1948.0394694981815 0.125 2142.0580071390086 0.125 2142.380535500812 0.125 2153.886355829493 0.125 2187.494507417974 0.125 4618.454999455102 0.125 4596.728824408781 0.125 4563.032119154 0.125 4538.299147399392 0.125 4534.5087091928835
0.17500000000000002 1864.6725484660176 0.17500000000000002 1864.6725484660176 0.17500000000000002 1864.6725484660176 0.17500000000000002 1864.6725484660176 0.17500000000000002 1864.6725484660176 0.17500000000000002 1502.467679300466 0.17500000000000002 1666.3110776618353 0.17500000000000002 1652.6984837040832 0.17500000000000002 1656.2572355600673 0.17500000000000002 1681.94070665767 0.17500000000000002 3550.8712277841537 0.17500000000000002 3574.600061801756 0.17500000000000002 3548.188843237687 0.17500000000000002 3526.6322998602072 0.17500000000000002 3519.549008298095
0.225 1629.8709065401342 0.225 1629.8709065401342 0.225 1629.8709065401342 0.225 1629.8709065401342 0.225 1629.8709065401342 0.225 1367.8664227023394 0.225 1542.6909066270791 0.225 1546.97130687548 0.225 1554.7233918494112 0.225 1593.299885983523 0.225 2717.1081363574576 0.225 2733.953503504153 0.225 2712.876753271459 0.225 2695.639642112009 0.225 2688.8793436781175
0.275 1455.696797432859 0.275 1455.696797432859 0.275 1455.696797432859 0.275 1455.696797432859 0.275 1455.696797432859 0.275 1249.3802021706363 0.275 1395.21537206699 0.275 1403.8847566863703 0.275 1420.6976370598795 0.275 1438.5142555087916 0.275 2528.382700671273 0.275 2542.706456074101 0.275 2520.8296656931784 0.275 2503.37335767413 0.275 2489.5888099891504
0.32500000000000007 1322.6301161471158 0.32500000000000007 1322.6301161471158 0.32500000000000007 1322.6301161471158 0.32500000000000007 1322.6301161471158 0.32500000000000007 1322.6301161471158 0.32500000000000007 1182.2202496283 0.32500000000000007 1327.641289820203 0.32500000000000007 1316.020780168142 0.32500000000000007 1327.180540924039 0.32500000000000007 1354.5932797270643 0.32500000000000007 2366.0769600191484 0.32500000000000007 2399.1768245654084 0.32500000000000007 2380.818877128515 0.32500000000000007 2371.2496440747427 0.32500000000000007 2357.959461379871
0.375 1259.2425516989192 0.375 1259.2425516989192 0.375 1259.2425516989192 0.375 1259.2425516989192 0.375 1259.2425516989192 0.375 1109.4736732224737 0.375 1262.9981583840877 0.375 1236.4195863847938 0.375 1247.4099477787108 0.375 1262.6094250163978 0.375 2222.9222646071935 0.375 2225.826379812241 0.375 2203.267386721865 0.375 2191.0573479766263 0.375 2182.7959128785906
0.42500000000000004 1172.3214699023213 0.42500000000000004 1172.3214699023213 0.42500000000000004 1172.3214699023213 0.42500000000000004 1172.3214699023213 0.42500000000000004 1172.3214699023213 0.42500000000000004 1045.2522971113951 0.42500000000000004 1132.27338349402 0.42500000000000004 1123.730800234977 0.42500000000000004 1132.454695785052 0.42500000000000004 1151.116589803381 0.42500000000000004 2086.1205539886464 0.42500000000000004 2057.44350183678 0.42500000000000004 2041.085945652853 0.42500000000000004 2026.6000555545686 0.42500000000000004 2017.970514728348
0.475 1104.679995209476 0.475 1104.679995209476 0.475 1104.679995209476 0.475 1104.679995209476 0.475 1104.679995209476 0.475 1009.7701266435794 0.475 1128.5727604963922 0.475 1119.174256674927 0.475 1128.1303968813522 0.475 1161.9306728938159 0.475 1987.4913339498376 0.475 1996.9775882035838 0.475 1978.3585608012374 0.475 1968.7540911656772 0.475 1953.376843913523
0.525 1112.1629466976979 0.525 1112.1629466976979 0.525 1112.1629466976979 0.525 1112.1629466976979 0.525 1112.1629466976979 0.525 964.0521315357486 0.525 1082.0667411902134 0.525 1090.6348674796918 0.525 1096.6194813606203 0.525 1116.2364635629874 0.525 1901.8485706326176 0.525 1912.655365513169 0.525 1899.9391856748287 0.525 1888.3860678459878 0.525 1879.001412609167
0.5750000000000001 1061.7432630978606 0.5750000000000001 1061.7432630978606 0.5750000000000001 1061.7432630978606 0.5750000000000001 1061.7432630978606 0.5750000000000001 1061.7432630978606 0.5750000000000001 912.4720886904308 0.5750000000000001 997.2930073502058 0.5750000000000001 990.7964513640212 0.5750000000000001 1001.0164075296789 0.5750000000000001 1019.3567088226516 0.5750000000000001 1834.8590670679337 0.5750000000000001 1818.4504575446979 0.5750000000000001 1801.2088441625062 0.5750000000000001 1791.5334138480982 0.5750000000000001 1792.1196382992987
0.6250000000000001 1009.281286566102 0.6250000000000001 1009.281286566102 0.6250000000000001 1009.281286566102 0.6250000000000001 1009.281286566102 0.6250000000000001 1009.281286566102 0.6250000000000001 917.4674493995312 0.6250000000000001 1018.622048728082 0.6250000000000001 1003.8664582826701 0.6250000000000001 1009.880403865894 0.6250000000000001 1040.5923911647562 0.6250000000000001 1827.271172672464 0.6250000000000001 1789.043895036157 0.6250000000000001 1773.725263162188 0.6250000000000001 1767.7784251345042 0.6250000000000001 1765.4080995229688
0.675 946.7705017124182 0.675 946.7705017124182 0.675 946.7705017124182 0.675 946.7705017124182 0.675 946.7705017124182 0.675 914.9139950469724 0.675 983.0965257545055 0.675 968.0538613657949 0.675 981.3240707078132 0.675 1008.3029488483655 0.675 1733.2676980943424 0.675 1728.847152551791 0.675 1718.3871538943097 0.675 1707.6285339568296 0.675 1706.3745124703828
0.7250000000000001 932.3409075487095 0.7250000000000001 932.3409075487095 0.7250000000000001 932.3409075487095 0.7250000000000001 932.3409075487095 0.7250000000000001 932.3409075487095 0.7250000000000001 891.7196470162678 0.7250000000000001 922.875265468921 0.7250000000000001 920.950586645302 0.7250000000000001 929.951182982427 0.7250000000000001 952.9215278801464 0.7250000000000001 1679.0320461262168 0.7250000000000001 1678.1794628825792 0.7250000000000001 1666.333021617248 0.7250000000000001 1656.257045802183 0.7250000000000001 1649.7693543558696
0.775 923.3400011691643 0.775 923.3400011691643 0.775 923.3400011691643 0.775 923.3400011691643 0.775 923.3400011691643 0.775 927.4996677700448 0.775 983.584978794414 0.775 981.2960274563321 0.775 986.1370751196868 0.775 1000.1096563516812 0.775 1532.057433810808 0.775 1514.365495366868 0.775 1508.3375863252238 0.775 1499.6552041519903 0.775 1494.6822120505863
0.8250000000000001 931.9069655019281 0.8250000000000001 931.9069655019281 0.8250000000000001 931.9069655019281 0.8250000000000001 931.9069655019281 0.8250000000000001 931.9069655019281 0.8250000000000001 879.4174295024034 0.8250000000000001 925.3053385199125 0.8250000000000001 917.9048678101186 0.8250000000000001 927.5511350557081 0.8250000000000001 963.7453377035916 0.8250000000000001 1545.1820330447435 0.8250000000000001 1571.8210629519297 0.8250000000000001 1563.6313448056997 0.8250000000000001 1551.1253435327123 0.8250000000000001 1548.430334029263
0.8750000000000001 901.2022189601322 0.8750000000000001 901.2022189601322 0.8750000000000001 901.2022189601322 0.8750000000000001 901.2022189601322 0.8750000000000001 901.2022189601322 0.8750000000000001 882.2086679567675 0.8750000000000001 928.7402789196433 0.8750000000000001 921.9576280739919 0.8750000000000001 920.1657033639542 0.8750000000000001 943.471753208121 0.8750000000000001 1524.7550624621965 0.8750000000000001 1522.845006472833 0.8750000000000001 1512.6210513263134 0.8750000000000001 1506.659104344647 0.8750000000000001 1504.224105340217
0.925 865.8437926206149 0.925 865.8437926206149 0.925 865.8437926206149 0.925 865.8437926206149 0.925 865.8437926206149 0.925 900.206568617335 0.925 999.76371075005 0.925 988.9142116230129 0.925 992.8657273713983 0.925 1023.3275141900118 0.925 1497.6669977084857 0.925 1502.5925757300665 0.925 1493.4523822622111 0.925 1482.1453708894521 0.925 1481.578965620524
0.9750000000000001 870.5563359088076 0.9750000000000001 870.5563359088076 0.9750000000000001 870.5563359088076 0.9750000000000001 870.5563359088076 0.9750000000000001 870.5563359088076 0.9750000000000001 871.5798439743469 0.9750000000000001 907.6997658199998 0.9750000000000001 895.2041193859336 0.9750000000000001 899.1558228495295 0.9750000000000001 943.6296754377285 0.9750000000000001 1520.510017547962 0.9750000000000001 1514.475229279134 0.9750000000000001 1505.368207699685 0.9750000000000001 1498.4424661225144 0.9750000000000001 1497.5284130795599
1.025 859.580092781605 1.025 859.580092781605 1.025 859.580092781605 1.025 859.580092781605 1.025 859.580092781605 1.025 800.3652371649067 1.025 852.7786888074397 1.025 837.8220186346371 1.025 839.1848659068676 1.025 875.5941842056019 1.025 1537.2398861105241 1.025 1533.5460087738086 1.025 1527.13308526484 1.025 1514.4651609630218 1.025 1514.4070817494915
1.075 842.8196561961341 1.075 842.8196561961341 1.075 842.8196561961341 1.075 842.8196561961341 1.075 842.8196561961341 1.075 829.1986369742193 1.075 879.8105646030533 1.075 876.4433729616991 1.075 881.335874775571 1.075 900.4706701576481 1.075 1437.1493798591534 1.075 1434.5255735842659 1.075 1425.2384048390409 1.075 1416.8755737928218 1.075 1416.0376957505946
1.125 844.6163976027692 1.125 844.6163976027692 1.125 844.6163976027692 1.125 844.6163976027692 1.125 844.6163976027692 1.125 814.7018059991701 1.125 832.9472146547702 1.125 833.7091643322865 1.125 839.1178880118919 1.125 865.9411272749612 1.125 1314.3253493289724 1.125 1307.8062321357702 1.125 1297.9622509503706 1.125 1294.6739965342965 1.125 1291.2378973606276
1.175 808.5288335122528 1.175 808.5288335122528 1.175 808.5288335122528 1.175 808.5288335122528 1.175 808.5288335122528 1.175 817.3238979505251 1.175 886.5707269733812 1.175 879.9734134382232 1.175 886.4537061375795 1.175 909.563433924247 1.175 1322.702266631204 1.175 1334.1197112557918 1.175 1322.7395386700853 1.175 1316.7534591088274 1.175 1312.8814067616133
1.225 807.7267852633485 1.225 807.7267852633485 1.225 807.7267852633485 1.225 807.7267852633485 1.225 807.7267852633485 1.225 787.2506700730132 1.225 841.5019694876329 1.225 835.9182377948131 1.225 841.3046201187452 1.225 866.6980380720544 1.225 1332.291757308259 1.225 1322.9913529991616 1.225 1311.5380393420749 1.225 1304.7748766788802 1.225 1302.6484142552129
1.275 811.5325486310797 1.275 811.5325486310797 1.275 811.5325486310797 1.275 811.5325486310797 1.275 811.5325486310797 1.275 757.4064985709937 1.275 810.9820779828201 1.275 815.175037288971 1.275 824.0860985886554 1.275 837.2521489987564 1.275 1298.5521843519803 1.275 1294.4185143525015 1.275 1282.6127856565092 1.275 1276.1912013786616 1.275 1276.5270685652158
1.325 802.0342659225194 1.325 802.0342659225194 1.325 802.0342659225194 1.325 802.0342659225194 1.325 802.0342659225194 1.325 684.0637703106454 1.325 764.6999585363603 1.325 769.4544637920036 1.325 772.2520046637266 1.325 790.1069981632586 1.325 1243.5868765383943 1.325 1245.8090733892714 1.325 1234.2717274920808 1.325 1227.0713018946647 1.325 1228.211835335216
1.375 764.5696971482125 1.375 764.5696971482125 1.375 764.5696971482125 1.375 764.5696971482125 1.375 764.5696971482125 1.375 719.1799299488454 1.375 799.4725279843849 1.375 793.6114902303758 1.375 794.9482252273082 1.375 814.1886856955807 1.375 1267.6854232700584 1.375 1256.6655481701928 1.375 1244.7217022089505 1.375 1236.7489674974188 1.375 1233.2629249969923
1.425 732.640179235334 1.425 732.640179235334 1.425 732.640179235334 1.425 732.640179235334 1.425 732.640179235334 1.425 725.0955973655113 1.425 797.5413706643826 1.425 793.1191234914347 1.425 799.2121463655815 1.425 814.8260895836834 1.425 1259.293289828713 1.425 1235.4985393084094 1.425 1224.6330084881113 1.425 1217.8244066496604 1.425 1217.1695810891708
1.475 718.130419769451 1.475 718.130419769451 1.475 718.130419769451 1.475 718.130419769451 1.475 718.130419769451 1.475 644.7628099510424 1.475 703.7026844464117 1.475 704.1632945655223 1.475 708.464001059154 1.475 716.5219777531571 1.475 1214.328681802006 1.475 1221.4105910734067 1.475 1212.423565497466 1.475 1206.889156634891 1.475 1207.0539496961496
1.525 740.2420869795026 1.525 740.2420869795026 1.525 740.2420869795026 1.525 740.2420869795026 1.525 740.2420869795026 1.525 642.2986869514829 1.525 717.4430866463722 1.525 709.2673957842461 1.525 717.8362719732243 1.525 732.5869560203494 1.525 1170.232333303356 1.525 1171.8227194652884 1.525 1164.3341852806282 1.525 1157.0513364042904 1.525 1157.5701457511402
1.575 738.1041817751441 1.575 738.1041817751441 1.575 738.1041817751441 1.575 738.1041817751441 1.575 738.1041817751441 1.575 636.6833343850063 1.575 702.7156926009169 1.575 700.9183565540512 1.575 710.2179049463456 1.575 729.6517268811191 1.575 1187.303433688647 1.575 1157.1867102974877 1.575 1149.174305249667 1.575 1141.6817775153352 1.575 1137.808265883841
1.625 717.158248361319 1.625 717.158248361319 1.625 717.158248361319 1.625 717.158248361319 1.625 717.158248361319 1.625 636.0489739455371 1.625 715.8679479247386 1.625 708.5521549891793 1.625 717.3914784495454 1.625 728.3495087605467 1.625 1132.5473426791382 1.625 1117.3256720651627 1.625 1111.7495461477433 1.625 1106.1685700318894 1.625 1104.5194851566666
1.675 689.973467370719 1.675 689.973467370719 1.675 689.973467370719 1.675 689.973467370719 1.675 689.973467370719 1.675 612.8900003746143 1.675 687.2654619763075 1.675 662.6400051825506 1.675 669.9802461760366 1.675 688.8901270982337 1.675 1097.7756114867004 1.675 1107.2243084755435 1.675 1103.1962743542235 1.675 1095.7390141403996 1.675 1093.198341037815
1.725 679.8033672857573 1.725 679.8033672857573 1.725 679.8033672857573 1.725 679.8033672857573 1.725 679.8033672857573 1.725 624.498823758024 1.725 699.7716493105213 1.725 691.037934539451 1.725 698.49737496128 1.725 709.4421194544291 1.725 1142.5221927329405 1.725 1156.2977715493676 1.725 1150.8538504157568 1.725 1144.201988495927 1.725 1141.645439111928
1.775 648.848981658117 1.775 648.848981658117 1.775 648.848981658117 1.775 648.848981658117 1.775 648.848981658117 1.775 633.8143934317811 1.775 721.2167980059373 1.775 713.7834883240572 1.775 717.4115911024427 1.775 734.8263107288618 1.775 1168.2801252851004 1.775 1151.6592571900896 1.775 1143.7708944385033 1.775 1133.0174391295686 1.775 1129.0131495420083
1.825 643.7757739128136 1.825 643.7757739128136 1.825 643.7757739128136 1.825 643.7757739128136 1.825 643.7757739128136 1.825 661.7693134033423 1.825 716.6688238358871 1.825 713.388835520911 1.825 715.5849636632165 1.825 729.9253681890291 1.825 1176.2257304099178 1.825 1182.0551901759525 1.825 1174.2365185396022 1.825 1166.9308344891547 1.825 1161.1368152667653
1.875 661.2792084306739 1.875 661.2792084306739 1.875 661.2792084306739 1.875 661.2792084306739 1.875 661.2792084306739 1.875 590.8805274066084 1.875 660.1236528033314 1.875 659.7885891725788 1.875 670.6311300913422 1.875 682.5772065137344 1.875 1083.7961207487424 1.875 1074.9746485375827 1.875 1067.4431032606626 1.875 1057.4040128413865 1.875 1058.6503306273378
1.925 646.2440074301484 1.925 646.2440074301484 1.925 646.2440074301484 1.925 646.2440074301484 1.925 646.2440074301484 1.925 597.3573341235642 1.925 663.7047582344136 1.925 664.7685355204405 1.925 675.4528708668731 1.925 703.032171304406 1.925 1084.4910789622054 1.925 1085.0462602110201 1.925 1074.4941632074747 1.925 1067.6409940656877 1.925 1065.0614847490715
1.975 641.7644192202433 1.975 641.7644192202433 1.975 641.7644192202433 1.975 641.7644192202433 1.975 641.7644192202433 1.975 589.0684595664646 1.975 684.8360935498383 1.975 681.0597504431718 1.975 694.2907314976759 1.975 719.2923129387749 1.975 1074.4085287413118 1.975 1060.8683525561987 1.975 1053.6937908004968 1.975 1045.1972556609321 1.975 1042.2673896443391
2.025 617.0149135557106 2.025 617.0149135557106 2.025 617.0149135557106 2.025 617.0149135557106 2.025 617.0149135557106 2.025 607.4595804100489 2.025 692.5339762057008 2.025 688.9256954743179 2.025 695.6719575283594 2.025 716.3616827073621 2.025 1056.0177820765593 2.025 1042.1596849083219 2.025 1032.0662581643828 2.025 1025.8554277849805 2.025 1020.9954277666883
2.075 603.7849721650625 2.075 603.7849721650625 2.075 603.7849721650625 2.075 603.7849721650625 2.075 603.7849721650625 2.075 594.8152723420192 2.075 686.0543074539961 2.075 675.0436093490846 2.075 680.6126266332266 2.075 699.7096778919116 2.075 1030.8793790383959 2.075 1017.6635302625647 2.075 1010.9497217981469 2.075 1001.1252193973944 2.075 1001.7402826234752
2.125 605.0020718831126 2.125 605.0020718831126 2.125 605.0020718831126 2.125 605.0020718831126 2.125 605.0020718831126 2.125 553.8287172273479 2.125 626.5882512813113 2.125 617.0553588981056 2.125 626.9845543716741 2.125 639.9661965171719 2.125 997.1641801725567 2.125 980.6309632194406 2.125 971.8370410461347 2.125 964.5883751002572 2.125 962.93844940917
2.175 599.6572756502692 2.175 599.6572756502692 2.175 599.6572756502692 2.175 599.6572756502692 2.175 599.6572756502692 2.175 548.4131697234548 2.175 597.8179430412608 2.175 597.1558390897698 2.175 601.5504299755943 2.175 621.8465673197642 2.175 1015.9847448111094 2.175 992.8991340875358 2.175 984.6994938884945 2.175 976.5970620925584 2.175 977.7892735779672
2.225 593.1456229214768 2.225 593.1456229214768 2.225 593.1456229214768 2.225 593.1456229214768 2.225 593.1456229214768 2.225 525.3638035370033 2.225 597.1867357760472 2.225 598.7015506420793 2.225 600.7718111216467 2.225 615.3142339806936 2.225 1038.5888756629276 2.225 1026.8245593863685 2.225 1020.9503888987125 2.225 1013.3716596245393 2.225 1010.3811509572513
2.275 595.9404529532787 2.275 595.9404529532787 2.275 595.9404529532787 2.275 595.9404529532787 2.275 595.9404529532787 2.275 560.7746629200942 2.275 606.4958651939792 2.275 600.8051208388407 2.275 607.3809295157698 2.275 625.851803022913 2.275 1017.7230869877004 2.275 983.2067644813264 2.275 976.7816084099286 2.275 967.9609378148471 2.275 969.5784774187307
2.325 576.1817362413543 2.325 576.1817362413543 2.325 576.1817362413543 2.325 576.1817362413543 2.325 576.1817362413543 2.325 548.7554456185195 2.325 621.526139875508 2.325 618.5668914015173 2.325 622.7568948851767 2.325 636.8889360079619 2.325 983.0682294376394 2.325 959.4187885838222 2.325 951.8848434705461 2.325 946.6272161234593 2.325 950.4432004470474
2.375 580.3083373990567 2.375 580.3083373990567 2.375 580.3083373990567 2.375 580.3083373990567 2.375 580.3083373990567 2.375 543.7959937531564 2.375 611.9524136652835 2.375 612.9322563956681 2.375 621.6035850002796 2.375 641.6846184809559 2.375 986.3239623435273 2.375 954.1026766178575 2.375 947.4046338101733 2.375 941.0977624294264 2.375 940.3781071971803
2.4250000000000003 555.2090849485837 2.4250000000000003 555.2090849485837 2.4250000000000003 555.2090849485837 2.4250000000000003 555.2090849485837 2.4250000000000003 555.2090849485837 2.4250000000000003 534.1704624598655 2.4250000000000003 595.2466312501144 2.4250000000000003 601.4872836495816 2.4250000000000003 609.7906322643676 2.4250000000000003 625.1375522769112 2.4250000000000003 934.6797368257087 2.4250000000000003 916.0215004868121 2.4250000000000003 910.0226810351356 2.4250000000000003 904.319876130154 2.4250000000000003 904.1834462946989
2.475 540.1131325578065 2.475 540.1131325578065 2.475 540.1131325578065 2.475 540.1131325578065 2.475 540.1131325578065 2.475 521.2671614000872 2.475 604.4166704519998 2.475 598.9093825016301 2.475 610.0013641124071 2.475 626.786766460666 2.475 939.7636450920663 2.475 932.4550109687285 2.475 922.3997776047225 2.475 915.948187905363 2.475 919.264770204691
2.525 529.6850764576867 2.525 529.6850764576867 2.525 529.6850764576867 2.525 529.6850764576867 2.525 529.6850764576867 2.525 523.6165918420171 2.525 599.4816501054289 2.525 598.2422017413627 2.525 610.5721409783874 2.525 626.1038781010453 2.525 984.607165662309 2.525 973.1416508036472 2.525 965.6845752723582 2.525 957.406669201618 2.525 955.3209054095674
2.575 530.2703781744071 2.575 530.2703781744071 2.575 530.2703781744071 2.575 530.2703781744071 2.575 530.2703781744071 2.575 527.5246911481956 2.575 607.5273718243395 2.575 610.5759577182525 2.575 621.0920790347279 2.575 638.8653994963577 2.575 961.2930772985841 2.575 951.9266060642941 2.575 943.8522154080662 2.575 935.7581861438581 2.575 937.676801360406
2.625 533.9957738083046 2.625 533.9957738083046 2.625 533.9957738083046 2.625 533.9957738083046 2.625 533.9957738083046 2.625 556.7765697834759 2.625 612.1871041088045 2.625 614.3906009096808 2.625 624.8145011178257 2.625 640.127687847119 2.625 952.9296412449168 2.625 936.3263351219357 2.625 928.8594758484562 2.625 919.2749086847467 2.625 917.8623947683787
2.6750000000000003 536.8671949051635 2.6750000000000003 536.8671949051635 2.6750000000000003 536.8671949051635 2.6750000000000003 536.8671949051635 2.6750000000000003 536.8671949051635 2.6750000000000003 561.9499551365001 2.6750000000000003 662.6300132272057 2.6750000000000003 667.664258619087 2.6750000000000003 678.7319797894312 2.6750000000000003 697.1320623030459 2.6750000000000003 940.090681869688 2.6750000000000003 901.0055510078902 2.6750000000000003 892.7348873473976 2.6750000000000003 885.4183591653698 2.6750000000000003 881.0862248721601
2.725 540.6066526399843 2.725 540.6066526399843 2.725 540.6066526399843 2.725 540.6066526399843 2.725 540.6066526399843 2.725 519.1269269873155 2.725 585.9570340943159 2.725 590.4452154285533 2.725 600.5634761024961 2.725 617.8353889020353 2.725 925.2880016048166 2.725 904.1912566008039 2.725 893.410383085238 2.725 888.0561730850251 2.725 883.0162064231885
2.775 524.4474324768489 2.775 524.4474324768489 2.775 524.4474324768489 2.775 524.4474324768489 2.775 524.4474324768489 2.775 552.8153122761837 2.775 612.4005499377502 2.775 618.1116362431432 2.775 630.9533837671736 2.775 649.222466210151 2.775 959.4080771797301 2.775 926.9680738595017 2.775 917.6720718881597 2.775 909.7090373768485 2.775 906.7098151131066
2.825 521.5717169499893 2.825 521.5717169499893 2.825 521.5717169499893 2.825 521.5717169499893 2.825 521.5717169499893 2.825 496.0753226545652 2.825 554.3110982485454 2.825 559.2153531715963 2.825 566.2505803071045 2.825 584.6414460253312 2.825 948.0635189962145 2.825 949.6736042285111 2.825 942.0615460513585 2.825 935.7479996024939 2.825 931.983482273516
2.875 519.2499725499673 2.875 519.2499725499673 2.875 519.2499725499673 2.875 519.2499725499673 2.875 519.2499725499673 2.875 531.6405470802348 2.875 616.1772848003136 2.875 615.6152575811692 2.875 624.4652905752507 2.875 645.6423401943919 2.875 921.7790078971632 2.875 892.9069176015582 2.875 884.8097736591118 2.875 876.8449226193881 2.875 873.841985927671
2.9250000000000003 517.9819126146637 2.9250000000000003 517.9819126146637 2.9250000000000003 517.9819126146637 2.9250000000000003 517.9819126146637 2.9250000000000003 517.9819126146637 2.9250000000000003 531.9271163290166 2.9250000000000003 588.2675498730113 2.9250000000000003 589.9328963597509 2.9250000000000003 598.8159816899089 2.9250000000000003 618.216192839563 2.9250000000000003 935.7617156179255 2.9250000000000003 897.9472868100287 2.9250000000000003 888.2926694142609 2.9250000000000003 882.5507573358399 2.9250000000000003 879.7571146066138
2.975 526.8638921728884 2.975 526.8638921728884 2.975 526.8638921728884 2.975 526.8638921728884 2.975 526.8638921728884 2.975 514.9043690371074 2.975 565.2231881718145 2.975 572.868847411165 2.975 585.1730300988304 2.975 602.3829929427603 2.975 886.4885939041617 2.975 851.5035790612521 2.975 845.8460274844667 2.975 838.5842552812196 2.975 834.3589821103731
3.025 524.7226969736952 3.025 524.7226969736952 3.025 524.7226969736952 3.025 524.7226969736952 3.025 524.7226969736952 3.025 497.6997130590883 3.025 558.2824079235485 3.025 557.1539671071927 3.025 569.5349182662204 3.025 581.2366166764099 3.025 879.2050276711517 3.025 867.3277814653298 3.025 861.6498172458552 3.025 855.1888825885883 3.025 855.4882784511111
3.075 521.8614957136597 3.075 521.8614957136597 3.075 521.8614957136597 3.075 521.8614957136597 3.075 521.8614957136597 3.075 482.5336223692977 3.075 536.043242537978 3.075 534.7834944046365 3.075 543.7398562014729 3.075 563.185740213532 3.075 865.0449841050839 3.075 848.4285334279078 3.075 841.9830274417003 3.075 836.5334007245972 3.075 836.4208920970715
3.125 524.5107012901882 3.125 524.5107012901882 3.125 524.5107012901882 3.125 524.5107012901882 3.125 524.5107012901882 3.125 484.7218290009089 3.125 549.7461181404952 3.125 549.8053443531093 3.125 556.6569128530012 3.125 571.3827625720295 3.125 859.737232537827 3.125 834.1469281117122 3.125 827.8455244442139 3.125 822.0685387859788 3.125 819.5584087446159
3.1750000000000003 515.2385200114854 3.1750000000000003 515.2385200114854 3.1750000000000003 515.2385200114854 3.1750000000000003 515.2385200114854 3.1750000000000003 515.2385200114854 3.1750000000000003 521.5717711841087 3.1750000000000003 583.6110674213071 3.1750000000000003 592.9813320621878 3.1750000000000003 604.253001634248 3.1750000000000003 622.007162694547 3.1750000000000003 874.4641402637446 3.1750000000000003 860.3281552870428 3.1750000000000003 852.8500150841755 3.1750000000000003 845.8018562786511 3.1750000000000003 844.5270406756831
3.225 503.0926641702414 3.225 503.0926641702414 3.225 503.0926641702414 3.225 503.0926641702414 3.225 503.0926641702414 3.225 507.46335871304444 3.225 585.965841937771 3.225 584.6296382756145 3.225 593.8313622912049 3.225 615.1840337596878 3.225 854.7835572686331 3.225 846.2761436326625 3.225 839.4052000462929 3.225 833.6540506953506 3.225 831.3283817862126
3.275 496.1035909845263 3.275 496.1035909845263 3.275 496.1035909845263 3.275 496.1035909845263 3.275 496.1035909845263 3.275 538.6100576416836 3.275 611.7246562111488 3.275 617.6546674274929 3.275 624.7519623340396 3.275 643.2259316709318 3.275 814.9831203276946 3.275 813.0985326638028 3.275 805.9667466014429 3.275 800.266431659517 3.275 797.0875816042496
3.325 500.62441462558564 3.325 500.62441462558564 3.325 500.62441462558564 3.325 500.62441462558564 3.325 500.62441462558564 3.325 518.4898377843824 3.325 596.3641713383432 3.325 602.7646741484878 3.325 613.1923122790741 3.325 630.4881614605633 3.325 879.5099133615322 3.325 871.1349678560301 3.325 864.4635347256191 3.325 857.3630231838908 3.325 854.937938930231
3.375 511.24287313550093 3.375 511.24287313550093 3.375 511.24287313550093 3.375 511.24287313550093 3.375 511.24287313550093 3.375 500.27835551803537 3.375 576.7180041547593 3.375 579.2952617802307 3.375 589.8427102150896 3.375 604.1081306282339 3.375 853.0410630057912 3.375 832.8708266377005 3.375 826.9165791264613 3.375 821.1990541599051 3.375 819.4790468528178
3.4250000000000003 497.6902875920056 3.4250000000000003 497.6902875920056 3.4250000000000003 497.6902875920056 3.4250000000000003 497.6902875920056 3.4250000000000003 497.6902875920056 3.4250000000000003 498.79310892939037 3.4250000000000003 579.9843853619057 3.4250000000000003 582.7917157397172 3.4250000000000003 595.9016497523253 3.4250000000000003 605.0110049325646 3.4250000000000003 868.9818059618674 3.4250000000000003 843.7399108458934 3.4250000000000003 836.1240395161974 3.4250000000000003 830.1028046334267 3.4250000000000003 829.6758758265594
3.475 515.7426788164753 3.475 515.7426788164753 3.475 515.7426788164753 3.475 515.7426788164753 3.475 515.7426788164753 3.475 500.2061703847615 3.475 582.6138741333068 3.475 586.2711078843626 3.475 596.8864172085141 3.475 618.267948819067 3.475 852.8218835577468 3.475 802.756165419077 3.475 797.4164991245044 3.475 791.1409162838428 3.475 793.8655188677488
3.525 527.1535133436906 3.525 527.1535133436906 3.525 527.1535133436906 3.525 527.1535133436906 3.525 527.1535133436906 3.525 493.37046397571504 3.525 571.0668165534287 3.525 573.3449623462576 3.525 585.4921114479152 3.525 601.3643261347419 3.525 858.0455898347011 3.525 841.592471151449 3.525 834.7798154400078 3.525 827.9495473987264 3.525 825.6649069115269
3.575 526.9797197941166 3.575 526.9797197941166 3.575 526.9797197941166 3.575 526.9797197941166 3.575 526.9797197941166 3.575 519.7770346963387 3.575 594.1768841968124 3.575 599.0911424295421 3.575 608.6058608289694 3.575 626.7817443801364 3.575 833.4674940790511 3.575 822.8241705545242 3.575 815.8650529510764 3.575 809.4908211162294 3.575 806.6189034134562
3.625 516.7082691816576 3.625 516.7082691816576 3.625 516.7082691816576 3.625 516.7082691816576 3.625 516.7082691816576 3.625 470.2933456914266 3.625 556.6866512296026 3.625 557.3416626310039 3.625 570.9628467976677 3.625 587.8897045955871 3.625 860.8904430118536 3.625 851.7643502400655 3.625 846.7515919749862 3.625 838.4871284971728 3.625 835.163319886062
3.6750000000000003 498.0863460811695 3.6750000000000003 498.0863460811695 3.6750000000000003 498.0863460811695 3.6750000000000003 498.0863460811695 3.6750000000000003 498.0863460811695 3.6750000000000003 483.62907620371925 3.6750000000000003 551.4753686916513 3.6750000000000003 551.7043248612026 3.6750000000000003 564.0668489730305 3.6750000000000003 579.1248745651964 3.6750000000000003 898.6562848760278 3.6750000000000003 875.8991096784582 3.6750000000000003 868.3047661655054 3.6750000000000003 858.9803919759792 3.6750000000000003 855.4939611633881
3.725 515.5133778192355 3.725 515.5133778192355 3.725 515.5133778192355 3.725 515.5133778192355 3.725 515.5133778192355 3.725 500.4579726486209 3.725 568.8578245234388 3.725 571.1798707807118 3.725 585.6983187832063 3.725 602.9018806235405 3.725 844.421762348412 3.725 826.1998919896363 3.725 818.8093879623777 3.725 809.3746207922779 3.725 805.7169988554751
3.775 512.6939841757903 3.775 512.6939841757903 3.775 512.6939841757903 3.775 512.6939841757903 3.775 512.6939841757903 3.775 538.5992338242419 3.775 617.3567188609524 3.775 618.6468603740174 3.775 634.1049120640045 3.775 647.575887690454 3.775 846.4468039116925 3.775 847.0194428909555 3.775 840.0476500191655 3.775 831.014197577396 3.775 829.2563149450218
3.825 545.0010900662146 3.825 545.0010900662146 3.825 545.0010900662146 3.825 545.0010900662146 3.825 545.0010900662146 3.825 512.9198299620444 3.825 584.0221085692945 3.825 592.0234994943531 3.825 607.4651779025739 3.825 618.4088328767589 3.825 838.2020428521605 3.825 820.5280895134289 3.825 815.4848926375273 3.825 805.9052640176633 3.825 802.9616888250544
3.875 511.06430406318907 3.875 511.06430406318907 3.875 511.06430406318907 3.875 511.06430406318907 3.875 511.06430406318907 3.875 480.35884085876575 3.875 527.9275470006027 3.875 531.4147218332444 3.875 539.831394665691 3.875 549.4789292143324 3.875 845.2361364719144 3.875 832.872591320906 3.875 825.7039863772334 3.875 818.6974221273648 3.875 816.289961167564
3.9250000000000003 507.6574588658946 3.9250000000000003 507.6574588658946 3.9250000000000003 507.6574588658946 3.9250000000000003 507.6574588658946 3.9250000000000003 507.6574588658946 3.9250000000000003 472.24891224400324 3.9250000000000003 535.7014855757652 3.9250000000000003 537.1948032121063 3.9250000000000003 545.2027929787536 3.9250000000000003 561.6532083233847 3.9250000000000003 825.0215178001715 3.9250000000000003 820.2654905814999 3.9250000000000003 812.8918209986106 3.9250000000000003 805.1746370766407 3.9250000000000003 803.315619246739
3.975 518.5216432994513 3.975 518.5216432994513 3.975 518.5216432994513 3.975 518.5216432994513 3.975 518.5216432994513 3.975 498.6669749890562 3.975 566.0213682875816 3.975 569.6319037406201 3.975 579.6001223494917 3.975 596.660128843453 3.975 851.7476934909384 3.975 846.9226461966882 3.975 841.3484336169982 3.975 832.9300883672365 3.975 829.3343008839555
4.025 538.7202953414014 4.025 538.7202953414014 4.025 538.7202953414014 4.025 538.7202953414014 4.025 538.7202953414014 4.025 505.8788636234217 4.025 570.7044812874143 4.025 575.8239533129366 4.025 582.2336778091479 4.025 598.9544785834769 4.025 862.7603148683934 4.025 845.9845810570409 4.025 838.5936311080588 4.025 832.489386697382 4.025 829.4449934170418
4.075 534.1751452569796 4.075 534.1751452569796 4.075 534.1751452569796 4.075 534.1751452569796 4.075 534.1751452569796 4.075 510.9500001744861 4.075 580.931782033942 4.075 582.8326991016513 4.075 588.5027761037833 4.075 600.5828316097201 4.075 904.9338773770938 4.075 891.728462639746 4.075 883.2909761428621 4.075 876.3079217680704 4.075 871.6538097847543
4.125000000000001 547.7117697586732 4.125000000000001 547.7117697586732 4.125000000000001 547.7117697586732 4.125000000000001 547.7117697586732 4.125000000000001 547.7117697586732 4.125000000000001 512.1220882978344 4.125000000000001 575.1715301179528 4.125000000000001 576.0956354904083 4.125000000000001 586.3625653613553 4.125000000000001 606.1196395706859 4.125000000000001 862.2249325117718 4.125000000000001 864.6998032416756 4.125000000000001 857.3451928662981 4.125000000000001 851.705164433639 4.125000000000001 850.2586607389077
4.175000000000001 537.6149345241379 4.175000000000001 537.6149345241379 4.175000000000001 537.6149345241379 4.175000000000001 537.6149345241379 4.175000000000001 537.6149345241379 4.175000000000001 529.8288652130267 4.175000000000001 617.4935455681316 4.175000000000001 615.6619507054367 4.175000000000001 629.7982062654349 4.175000000000001 647.4662256474662 4.175000000000001 918.7401039730174 4.175000000000001 903.4529319118905 4.175000000000001 896.5487231328283 4.175000000000001 887.757787835442 4.175000000000001 884.4097168682061
4.2250000000000005 514.9066412518853 4.2250000000000005 514.9066412518853 4.2250000000000005 514.9066412518853 4.2250000000000005 514.9066412518853 4.2250000000000005 514.9066412518853 4.2250000000000005 545.569495296694 4.2250000000000005 614.9358776993514 4.2250000000000005 618.0041375310805 4.2250000000000005 628.6570347410313 4.2250000000000005 648.9370588508091 4.2250000000000005 906.812977245847 4.2250000000000005 884.7597827660483 4.2250000000000005 877.309997809421 4.2250000000000005 867.8278438776869 4.2250000000000005 861.5804579418417
4.275 539.1426901105692 4.275 539.1426901105692 4.275 539.1426901105692 4.275 539.1426901105692 4.275 539.1426901105692 4.275 504.95727422352064 4.275 581.6262657949708 4.275 581.4308269866816 4.275 587.0689704904097 4.275 601.4102007742807 4.275 912.7722165775984 4.275 911.6966275032834 4.275 905.286028683531 4.275 899.7895376280242 4.275 895.3043270101124
4.325 535.5262952421222 4.325 535.5262952421222 4.325 535.5262952421222 4.325 535.5262952421222 4.325 535.5262952421222 4.325 539.860172216498 4.325 608.7911172916204 4.325 610.8598267399477 4.325 621.1604800990971 4.325 635.2702445957605 4.325 895.1868889303597 4.325 884.8945442262014 4.325 876.6832464796461 4.325 871.4624753817676 4.325 870.5249777418729
4.375000000000001 556.769667202416 4.375000000000001 556.769667202416 4.375000000000001 556.769667202416 4.375000000000001 556.769667202416 4.375000000000001 556.769667202416 4.375000000000001 545.7708174310324 4.375000000000001 635.1158378913278 4.375000000000001 641.1569245448475 4.375000000000001 651.8597854498939 4.375000000000001 669.262791849567 4.375000000000001 908.7001916522269 4.375000000000001 915.0290267540265 4.375000000000001 905.6349010081487 4.375000000000001 899.2591900769945 4.375000000000001 895.2672247613324
4.425000000000001 546.391962966325 4.425000000000001 546.391962966325 4.425000000000001 546.391962966325 4.425000000000001 546.391962966325 4.425000000000001 546.391962966325 4.425000000000001 544.892807709372 4.425000000000001 611.6336126985047 4.425000000000001 616.7932042808454 4.425000000000001 629.9710753855956 4.425000000000001 649.5703580227608 4.425000000000001 873.5482677413012 4.425000000000001 852.4404306383171 4.425000000000001 844.3859554538966 4.425000000000001 837.777443834478 4.425000000000001 837.8450339309788
4.4750000000000005 543.3464406169312 4.4750000000000005 543.3464406169312 4.4750000000000005 543.3464406169312 4.4750000000000005 543.3464406169312 4.4750000000000005 543.3464406169312 4.4750000000000005 578.7474451738559 4.4750000000000005 662.5884793891348 4.4750000000000005 673.4458435637538 4.4750000000000005 686.2112401281732 4.4750000000000005 700.6082940029283 4.4750000000000005 876.0895728114239 4.4750000000000005 852.233438530635 4.4750000000000005 843.2690359661464 4.4750000000000005 836.6834975409514 4.4750000000000005 833.0738091724697
4.525 547.6298017785235 4.525 547.6298017785235 4.525 547.6298017785235 4.525 547.6298017785235 4.525 547.6298017785235 4.525 531.6414134047243 4.525 596.2653015030228 4.525 597.6961453025776 4.525 611.3637572359854 4.525 625.1815068243105 4.525 919.5640762383475 4.525 904.6927229347574 4.525 895.9067069058426 4.525 888.1542192768909 4.525 884.486652856189
4.575 549.832207335112 4.575 549.832207335112 4.575 549.832207335112 4.575 549.832207335112 4.575 549.832207335112 4.575 514.4632155904078 4.575 598.4660468316142 4.575 598.9914226300658 4.575 611.2039448327284 4.575 624.8454326437636 4.575 938.2476204963288 4.575 922.1143219501852 4.575 915.330765089863 4.575 907.2558716387088 4.575 901.1551857542255
4.625000000000001 536.25412912283 4.625000000000001 536.25412912283 4.625000000000001 536.25412912283 4.625000000000001 536.25412912283 4.625000000000001 536.25412912283 4.625000000000001 600.105784196803 4.625000000000001 709.9401300900114 4.625000000000001 708.115157740493 4.625000000000001 721.4334759264249 4.625000000000001 735.1190838192086 4.625000000000001 947.4373794922928 4.625000000000001 920.828100157036 4.625000000000001 912.3312242731946 4.625000000000001 903.841812828598 4.625000000000001 902.405783445808
4.675000000000001 544.4430918350821 4.675000000000001 544.4430918350821 4.675000000000001 544.4430918350821 4.675000000000001 544.4430918350821 4.675000000000001 544.4430918350821 4.675000000000001 560.4763257363037 4.675000000000001 623.7997873931563 4.675000000000001 626.8232858839538 4.675000000000001 638.479872485652 4.675000000000001 660.1652539009639 4.675000000000001 935.2767536320358 4.675000000000001 930.2121080625006 4.675000000000001 924.190363497303 4.675000000000001 916.150264176331 4.675000000000001 915.2247446717568
4.7250000000000005 551.9690529016035 4.7250000000000005 551.9690529016035 4.7250000000000005 551.9690529016035 4.7250000000000005 551.9690529016035 4.7250000000000005 551.9690529016035 4.7250000000000005 600.3581004112131 4.7250000000000005 681.9761857468923 4.7250000000000005 683.3866085535692 4.7250000000000005 702.2688524363177 4.7250000000000005 722.4597039234397 4.7250000000000005 932.8685574970933 4.7250000000000005 920.5402549742112 4.7250000000000005 911.4490062364837 4.7250000000000005 902.0868658042631 4.7250000000000005 899.3342270724941
4.775 567.7876969445052 4.775 567.7876969445052 4.775 567.7876969445052 4.775 567.7876969445052 4.775 567.7876969445052 4.775 573.0938470718551 4.775 656.0115699131694 4.775 659.6021626289413 4.775 677.4494376595879 4.775 695.0376545432282 4.775 968.9109058930709 4.775 949.640742173869 4.775 939.7024153286761 4.775 929.4562179148555 4.775 924.1190554052407
4.825000000000001 541.1435166995902 4.825000000000001 541.1435166995902 4.825000000000001 541.1435166995902 4.825000000000001 541.1435166995902 4.825000000000001 541.1435166995902 4.825000000000001 588.116180776196 4.825000000000001 663.8921097765876 4.825000000000001 671.7235816757149 4.825000000000001 686.708477285025 4.825000000000001 705.3313899347207 4.825000000000001 959.8503743018061 4.825000000000001 935.3301345335365 4.825000000000001 925.3912643367254 4.825000000000001 918.1000516765037 4.825000000000001 914.5130040813772
4.875000000000001 597.2732278090658 4.875000000000001 597.2732278090658 4.875000000000001 597.2732278090658 4.875000000000001 597.2732278090658 4.875000000000001 597.2732278090658 4.875000000000001 571.964296090441 4.875000000000001 644.6152961986905 4.875000000000001 651.1039212689311 4.875000000000001 668.1765423099956 4.875000000000001 684.5049368946814 4.875000000000001 963.5755476408729 4.875000000000001 953.7538787174597 4.875000000000001 944.0712034986453 4.875000000000001 935.0121102469329 4.875000000000001 933.5527226238069
4.925000000000001 590.7681273955512 4.925000000000001 590.7681273955512 4.925000000000001 590.7681273955512 4.925000000000001 590.7681273955512 4.925000000000001 590.7681273955512 4.925000000000001 580.5685847427222 4.925000000000001 672.6274457989435 4.925000000000001 677.4904695313088 4.925000000000001 697.0101629370201 4.925000000000001 709.1700963433021 4.925000000000001 967.4455004738572 4.925000000000001 945.0008697936443 4.925000000000001 934.747553990759 4.925000000000001 925.7719958849419 4.925000000000001 924.6142264062851
4.9750000000000005 615.0176154877995 4.9750000000000005 615.0176154877995 4.9750000000000005 615.0176154877995 4.9750000000000005 615.0176154877995 4.9750000000000005 615.0176154877995 4.9750000000000005 557.6741206550225 4.9750000000000005 640.2564688037961 4.9750000000000005 637.1739152530785 4.9750000000000005 655.7849518328494 4.9750000000000005 671.7286014486339 4.9750000000000005 927.244277955171 4.9750000000000005 923.84263533275 4.9750000000000005 915.9388869478407 4.9750000000000005 904.4215806951281 4.9750000000000005 901.6248964177594
