PRE_x_5_sig_First_SNC PRE_y_5_sig_First_SNC BRN_x_5_sig_First_SNC BRN_y_5_sig_First_SNC PST_x_5_sig_First_SNC PST_y_5_sig_First_SNC PRE_x_7.5_sig_Per_SNC PRE_y_7.5_sig_Per_SNC BRN_x_7.5_sig_Per_SNC BRN_y_7.5_sig_Per_SNC PST_x_7.5_sig_Per_SNC PST_y_7.5_sig_Per_SNC PRE_x_10_sig_Per_SNC PRE_y_10_sig_Per_SNC BRN_x_10_sig_Per_SNC BRN_y_10_sig_Per_SNC PST_x_10_sig_Per_SNC PST_y_10_sig_Per_SNC PRE_x_12.5_sig_Per_SNC PRE_y_12.5_sig_Per_SNC BRN_x_12.5_sig_Per_SNC BRN_y_12.5_sig_Per_SNC PST_x_12.5_sig_Per_SNC PST_y_12.5_sig_Per_SNC PRE_x_15_sig_Per_SNC PRE_y_15_sig_Per_SNC BRN_x_15_sig_Per_SNC BRN_y_15_sig_Per_SNC PST_x_15_sig_Per_SNC PST_y_15_sig_Per_SNC
0.024999999999999994 328.07998618591967 0.024999999999999994 38103429.56247765 0.024999999999999994 12010277.626953142 0.024999999999999994 328.07998618591967 0.024999999999999994 52073055.02310513 0.024999999999999994 6661258.367091684 0.024999999999999994 328.07998618591967 0.024999999999999994 53279131.310708724 0.024999999999999994 6675792.112377797 0.024999999999999994 328.07998618591967 0.024999999999999994 54815998.21930651 0.024999999999999994 6240253.208210238 0.024999999999999994 328.07998618591967 0.024999999999999994 56928022.18970215 0.024999999999999994 6206501.89434422
0.075 317.59523474959013 0.075 51887172.099585116 0.075 13202340.45259141 0.075 317.59523474959013 0.075 75236588.91822259 0.075 6145413.0843481785 0.075 317.59523474959013 0.075 76939602.08271176 0.075 6169528.240061548 0.075 317.59523474959013 0.075 79157517.38249138 0.075 5567615.157326393 0.075 317.59523474959013 0.075 82153523.29250348 0.075 5528270.031400721
0.125 332.6476214265862 0.125 67596081.15577446 0.125 13214499.941105345 0.125 332.6476214265862 0.125 95422506.77221085 0.125 6235115.166298257 0.125 332.6476214265862 0.125 97590554.12087362 0.125 6280572.799241144 0.125 332.6476214265862 0.125 99488866.63426709 0.125 5933097.427478691 0.125 332.6476214265862 0.125 103298901.36261259 0.125 5888120.8511877265
0.17500000000000002 325.0183069174839 0.17500000000000002 89637803.61739261 0.17500000000000002 21484752.204623338 0.17500000000000002 325.0183069174839 0.17500000000000002 127581046.31165542 0.17500000000000002 10114374.710348982 0.17500000000000002 325.0183069174839 0.17500000000000002 130491128.29112391 0.17500000000000002 10395749.859191813 0.17500000000000002 325.0183069174839 0.17500000000000002 132961935.52286768 0.17500000000000002 9949968.379704893 0.17500000000000002 325.0183069174839 0.17500000000000002 138523207.80438456 0.17500000000000002 9647059.186568417
0.225 345.3306068281649 0.225 99347121.07635233 0.225 17529499.4333331 0.225 345.3306068281649 0.225 137000592.32228395 0.225 8065903.117299645 0.225 345.3306068281649 0.225 140150325.46135893 0.225 8349095.501545771 0.225 345.3306068281649 0.225 143313016.03262287 0.225 7658858.544350026 0.225 345.3306068281649 0.225 149313681.30465615 0.225 7325497.582648999
0.275 332.33187266815514 0.275 127375529.74131162 0.275 15488365.365357831 0.275 332.33187266815514 0.275 169315069.2138269 0.275 5889166.946341825 0.275 332.33187266815514 0.275 173110627.17450374 0.275 6007919.447431697 0.275 332.33187266815514 0.275 176871423.21788552 0.275 5233482.620498619 0.275 332.33187266815514 0.275 183630927.10915262 0.275 5110329.368194179
0.32500000000000007 320.10306803677537 0.32500000000000007 114472136.64170685 0.32500000000000007 30675676.39066189 0.32500000000000007 320.10306803677537 0.32500000000000007 168269172.91802064 0.32500000000000007 12805412.64581311 0.32500000000000007 320.10306803677537 0.32500000000000007 172024030.5668869 0.32500000000000007 12975335.179599991 0.32500000000000007 320.10306803677537 0.32500000000000007 175774181.61729223 0.32500000000000007 12177451.551730776 0.32500000000000007 320.10306803677537 0.32500000000000007 182659707.02703074 0.32500000000000007 11978696.964062577
0.375 317.0750270680136 0.375 123082207.51465753 0.375 26826259.91003213 0.375 317.0750270680136 0.375 162306621.25236166 0.375 14991643.109473314 0.375 317.0750270680136 0.375 165924190.33538938 0.375 15511360.352597672 0.375 317.0750270680136 0.375 169758215.84384292 0.375 14615678.270667097 0.375 317.0750270680136 0.375 177236217.60791954 0.375 14110357.371143632
0.42500000000000004 317.53173523953774 0.42500000000000004 124935997.0808502 0.42500000000000004 11557439.870261697 0.42500000000000004 317.53173523953774 0.42500000000000004 144051150.75933805 0.42500000000000004 7313777.639554361 0.42500000000000004 317.53173523953774 0.42500000000000004 147325858.22128823 0.42500000000000004 7744521.130892972 0.42500000000000004 317.53173523953774 0.42500000000000004 151030679.0641372 0.42500000000000004 6886307.114758503 0.42500000000000004 317.53173523953774 0.42500000000000004 157626856.06213388 0.42500000000000004 6430216.848844203
0.475 345.07024487420114 0.475 135822686.2091934 0.475 17237523.190762762 0.475 345.07024487420114 0.475 173226767.62212762 0.475 6952443.644836288 0.475 345.07024487420114 0.475 177260147.6214769 0.475 7144826.579985884 0.475 345.07024487420114 0.475 180743237.3167156 0.475 6529533.754557644 0.475 345.07024487420114 0.475 187847325.58006305 0.475 6354768.716272553
0.525 303.5011252548474 0.525 125377801.89535058 0.525 14701297.82064398 0.525 303.5011252548474 0.525 157525708.82258284 0.525 8022923.150613798 0.525 303.5011252548474 0.525 161186379.8342319 0.525 8470681.507695952 0.525 303.5011252548474 0.525 164321064.58851084 0.525 7890321.865221575 0.525 303.5011252548474 0.525 171314933.96101573 0.525 7501932.292311689
0.5750000000000001 307.95850420908863 0.5750000000000001 117070517.76373847 0.5750000000000001 12413761.4235309 0.5750000000000001 307.95850420908863 0.5750000000000001 149207594.73042572 0.5750000000000001 7854868.856015482 0.5750000000000001 307.95850420908863 0.5750000000000001 152640864.38200063 0.5750000000000001 8462280.974103063 0.5750000000000001 307.95850420908863 0.5750000000000001 155981896.21061826 0.5750000000000001 7830462.848417732 0.5750000000000001 307.95850420908863 0.5750000000000001 163111005.43893823 0.5750000000000001 7229285.790142505
0.6250000000000001 291.43380326050715 0.6250000000000001 114210887.42419383 0.6250000000000001 12003025.706025511 0.6250000000000001 291.43380326050715 0.6250000000000001 141175783.8383004 0.6250000000000001 9142184.878863297 0.6250000000000001 291.43380326050715 0.6250000000000001 144396960.7560259 0.6250000000000001 9628381.949458348 0.6250000000000001 291.43380326050715 0.6250000000000001 148143607.19868436 0.6250000000000001 8697245.50340828 0.6250000000000001 291.43380326050715 0.6250000000000001 154672679.07700458 0.6250000000000001 8236822.726654289
0.675 291.8696933052243 0.675 115181523.21049748 0.675 17900118.035025094 0.675 291.8696933052243 0.675 147021675.55965507 0.675 11657177.236673795 0.675 291.8696933052243 0.675 150418469.20500377 0.675 11904082.988942651 0.675 291.8696933052243 0.675 154064256.48420027 0.675 11063382.886014532 0.675 291.8696933052243 0.675 160414618.00693887 0.675 10790684.581003837
0.7250000000000001 278.99240806087624 0.7250000000000001 113920640.69038482 0.7250000000000001 16038948.022994792 0.7250000000000001 278.99240806087624 0.7250000000000001 136643022.45019683 0.7250000000000001 10726572.593271324 0.7250000000000001 278.99240806087624 0.7250000000000001 139753956.1511364 0.7250000000000001 11216729.604976512 0.7250000000000001 278.99240806087624 0.7250000000000001 142704829.5051884 0.7250000000000001 10640585.873932306 0.7250000000000001 278.99240806087624 0.7250000000000001 149232915.6271532 0.7250000000000001 10105299.493993295
0.775 265.826697970243 0.775 137138061.64661905 0.775 16689313.86968926 0.775 265.826697970243 0.775 165062942.17780843 0.775 7276523.267753575 0.775 265.826697970243 0.775 168834973.51729622 0.775 7902129.211248109 0.775 265.826697970243 0.775 172453113.60911772 0.775 7180211.002780778 0.775 265.826697970243 0.775 180164827.08218327 0.775 6585878.373300477
0.8250000000000001 274.3453021425837 0.8250000000000001 139455889.3746732 0.8250000000000001 13895782.416919595 0.8250000000000001 274.3453021425837 0.8250000000000001 154182864.05173764 0.8250000000000001 7116649.547295429 0.8250000000000001 274.3453021425837 0.8250000000000001 157686169.3302485 0.8250000000000001 7471761.271498517 0.8250000000000001 274.3453021425837 0.8250000000000001 161172118.2980352 0.8250000000000001 6764313.5540940175 0.8250000000000001 274.3453021425837 0.8250000000000001 167874279.06734747 0.8250000000000001 6430619.546474543
0.8750000000000001 255.71132717089748 0.8750000000000001 150305744.5223105 0.8750000000000001 45464300.85625008 0.8750000000000001 255.71132717089748 0.8750000000000001 228730805.16867793 0.8750000000000001 12380479.33166132 0.8750000000000001 255.71132717089748 0.8750000000000001 233978660.6446313 0.8750000000000001 12707263.10085271 0.8750000000000001 255.71132717089748 0.8750000000000001 238243044.08141744 0.8750000000000001 12005787.01994239 0.8750000000000001 255.71132717089748 0.8750000000000001 247731895.5771403 0.8750000000000001 11643950.93416245
0.925 259.142020848468 0.925 143061391.98441622 0.925 30697703.099355403 0.925 259.142020848468 0.925 196304349.38575155 0.925 12112609.62929809 0.925 259.142020848468 0.925 200796118.29685137 0.925 12711488.747268096 0.925 259.142020848468 0.925 204464766.93648133 0.925 12115328.047368214 0.925 259.142020848468 0.925 213367804.5925858 0.925 11516137.615086693
0.9750000000000001 242.22555957763768 0.9750000000000001 130962233.2609232 0.9750000000000001 30080554.443089128 0.9750000000000001 242.22555957763768 0.9750000000000001 197953506.03118908 0.9750000000000001 8066918.771544633 0.9750000000000001 242.22555957763768 0.9750000000000001 202434521.91258428 0.9750000000000001 8563489.405540202 0.9750000000000001 242.22555957763768 0.9750000000000001 205998925.7717111 0.9750000000000001 8042501.473770852 0.9750000000000001 242.22555957763768 0.9750000000000001 214723895.5913094 0.9750000000000001 7538743.116106158
1.025 251.23807698509626 1.025 141915430.42402107 1.025 40316948.301703684 1.025 251.23807698509626 1.025 231273662.3321101 1.025 10786931.487585075 1.025 251.23807698509626 1.025 236562833.4863388 1.025 10948342.00015011 1.025 251.23807698509626 1.025 241100759.5650685 1.025 10175464.017448787 1.025 251.23807698509626 1.025 250403650.34221658 1.025 9949563.534184705
1.075 243.03703222536646 1.075 136734498.30193648 1.075 55860062.15462152 1.075 243.03703222536646 1.075 254157238.3577338 1.075 10846934.228774076 1.075 243.03703222536646 1.075 259963310.3617285 1.075 11179849.560908549 1.075 243.03703222536646 1.075 264430085.60302517 1.075 10520693.096257912 1.075 243.03703222536646 1.075 275014963.4171259 1.075 10105455.949542835
1.125 242.31363242989772 1.125 160494488.75167924 1.125 50483338.10992421 1.125 242.31363242989772 1.125 266011513.4908956 1.125 9966282.374385124 1.125 242.31363242989772 1.125 272163059.2706796 1.125 10495880.166655757 1.125 242.31363242989772 1.125 276817876.770281 1.125 9832645.709647246 1.125 242.31363242989772 1.125 288311477.1726362 1.125 9211102.466225417
1.175 231.4391038310501 1.175 163071732.60505667 1.175 37839460.14879939 1.175 231.4391038310501 1.175 231308864.79683098 1.175 9849265.990970446 1.175 231.4391038310501 1.175 236611933.69608727 1.175 10120483.906462373 1.175 231.4391038310501 1.175 240964071.0836229 1.175 9403655.147032984 1.175 231.4391038310501 1.175 250520851.83323443 1.175 9024888.223297706
1.225 209.53828058354037 1.225 162302286.04381445 1.225 79274218.2074383 1.225 209.53828058354037 1.225 320975719.1303757 1.225 9366058.549606266 1.225 209.53828058354037 1.225 328262481.6590816 1.225 9434510.024166014 1.225 209.53828058354037 1.225 333992360.42299086 1.225 8592044.31522936 1.225 209.53828058354037 1.225 346356828.58348113 1.225 8464772.796625447
1.275 212.83501058889235 1.275 154502119.4899512 1.275 57572598.28831947 1.275 212.83501058889235 1.275 260700806.8756407 1.275 10981735.720104061 1.275 212.83501058889235 1.275 266631454.40342042 1.275 11373607.074099515 1.275 212.83501058889235 1.275 271554771.59665287 1.275 10561905.695906261 1.275 212.83501058889235 1.275 282403758.7126261 1.275 10125611.225696942
1.325 208.40118938249176 1.325 150697442.49765933 1.325 57031993.70773238 1.325 208.40118938249176 1.325 264767194.05108294 1.325 9249588.192939749 1.325 208.40118938249176 1.325 270903447.3060184 1.325 9746047.195017021 1.325 208.40118938249176 1.325 275191677.73629785 1.325 9238091.84197821 1.325 208.40118938249176 1.325 286518595.92148393 1.325 8668626.229259456
1.375 201.17820329254894 1.375 146820417.74236926 1.375 69302592.35643484 1.375 201.17820329254894 1.375 296465470.1850009 1.375 9092514.160389528 1.375 201.17820329254894 1.375 303323130.9221484 1.375 9221713.114929963 1.375 201.17820329254894 1.375 307998629.31319875 1.375 8706010.302971581 1.375 201.17820329254894 1.375 319609719.83497846 1.375 8512139.4395762
1.425 199.50088933829792 1.425 146184716.22092468 1.425 88022353.43176407 1.425 199.50088933829792 1.425 344154767.7599731 1.425 9185353.69033125 1.425 199.50088933829792 1.425 352099542.3741157 1.425 9224129.200842429 1.425 199.50088933829792 1.425 357445749.0542163 1.425 8669277.98037135 1.425 199.50088933829792 1.425 370551486.57639486 1.425 8582402.550655121
1.475 199.3658623998517 1.475 133348401.09856229 1.475 51109839.99710934 1.475 199.3658623998517 1.475 245661318.0108144 1.475 10385802.378999041 1.475 199.3658623998517 1.475 251386851.08482006 1.475 10757877.453539377 1.475 199.3658623998517 1.475 255860489.72688848 1.475 10076794.46613896 1.475 199.3658623998517 1.475 266066572.39199507 1.475 9691879.379964989
1.525 214.4641658002366 1.525 122576935.57379836 1.525 65684628.4658979 1.525 214.4641658002366 1.525 255270135.49414605 1.525 10890783.314617215 1.525 214.4641658002366 1.525 261210879.84285817 1.525 11281165.734617734 1.525 214.4641658002366 1.525 265881702.5898082 1.525 10523947.642641522 1.525 214.4641658002366 1.525 276578084.06530005 1.525 10084345.741651567
1.575 198.2289060228642 1.575 127825684.24576966 1.575 67855983.7757775 1.575 198.2289060228642 1.575 259472032.34102923 1.575 10352663.189877832 1.575 198.2289060228642 1.575 265575060.68810958 1.575 10420122.01063714 1.575 198.2289060228642 1.575 270454925.8080663 1.575 9596927.991176372 1.575 198.2289060228642 1.575 280502748.74418813 1.575 9533894.489961332
1.625 199.45260556083977 1.625 117844413.4759041 1.625 34994672.875862435 1.625 199.45260556083977 1.625 175008846.90341255 1.625 6342323.271257608 1.625 199.45260556083977 1.625 179114407.64575207 1.625 6353410.938301526 1.625 199.45260556083977 1.625 182462912.16642544 1.625 5806644.695634582 1.625 199.45260556083977 1.625 189267278.78602678 1.625 5755426.208685352
1.675 193.2629314857521 1.675 125001612.19296362 1.675 43650627.660471834 1.675 193.2629314857521 1.675 195957893.200717 1.675 10958244.506425964 1.675 193.2629314857521 1.675 200502080.00131005 1.675 11249149.572271334 1.675 193.2629314857521 1.675 203766546.40428004 1.675 10820232.856212053 1.675 193.2629314857521 1.675 211988098.50240862 1.675 10524537.840573052
1.725 189.16922737485115 1.725 113800122.45286955 1.725 40952236.37646534 1.725 189.16922737485115 1.725 178287769.72222856 1.725 12167477.396575285 1.725 189.16922737485115 1.725 182417713.4014472 1.725 12415482.95318153 1.725 189.16922737485115 1.725 185511520.46554396 1.725 11974539.927826853 1.725 189.16922737485115 1.725 192984910.96041885 1.725 11677512.82997712
1.775 196.06520776941812 1.775 102527691.82108417 1.775 31117916.46043596 1.775 196.06520776941812 1.775 140753617.40489706 1.775 12407972.926098868 1.775 196.06520776941812 1.775 144070827.15798047 1.775 12363215.015636228 1.775 196.06520776941812 1.775 146880822.96146557 1.775 11829714.639958698 1.775 196.06520776941812 1.775 152393702.31556308 1.775 11823237.050767371
1.825 198.09731373458723 1.825 86883811.62142815 1.825 19296839.64581349 1.825 198.09731373458723 1.825 116494771.54027028 1.825 7362212.300108633 1.825 198.09731373458723 1.825 119265966.32927665 1.825 7334014.2847297285 1.825 198.09731373458723 1.825 121606671.7638223 1.825 6920623.2231894955 1.825 198.09731373458723 1.825 126207958.02756815 1.825 6886953.953787305
1.875 194.20728266936112 1.875 80807666.02663875 1.875 17405809.55429859 1.875 194.20728266936112 1.875 112830183.25865747 1.875 7256909.877931803 1.875 194.20728266936112 1.875 115492470.8494636 1.875 7466898.56356163 1.875 194.20728266936112 1.875 117767588.1788143 1.875 7063572.522185794 1.875 194.20728266936112 1.875 122758055.61564352 1.875 6781885.431309031
1.925 195.36416369656536 1.925 94198012.90736736 1.925 23733360.53836183 1.925 195.36416369656536 1.925 134773944.55075118 1.925 9564314.796370313 1.925 195.36416369656536 1.925 137939071.14337614 1.925 9784930.489378331 1.925 195.36416369656536 1.925 140649271.521009 1.925 9276541.769840451 1.925 195.36416369656536 1.925 146452778.9288042 1.925 9013041.703836739
1.975 190.29213922585146 1.975 103786027.6170929 1.975 16698851.992436241 1.975 190.29213922585146 1.975 123296690.9577438 1.975 7561261.015324007 1.975 190.29213922585146 1.975 126252188.60490558 1.975 7521745.754338782 1.975 190.29213922585146 1.975 129219827.83958033 1.975 6849272.24905006 1.975 190.29213922585146 1.975 134049018.98913608 1.975 6812033.192696881
2.025 185.459594053602 2.025 105035247.97628085 2.025 15034069.788824042 2.025 185.459594053602 2.025 120076631.9221244 2.025 6652387.314899678 2.025 185.459594053602 2.025 122966285.54227144 2.025 6637258.933473434 2.025 185.459594053602 2.025 126464947.68878423 2.025 5719083.192936885 2.025 185.459594053602 2.025 131237760.98231655 2.025 5705878.3200258
2.075 199.0707062697191 2.075 101655842.4887045 2.075 33000081.533990897 2.075 199.0707062697191 2.075 139313182.7075579 2.075 12341505.40790972 2.075 199.0707062697191 2.075 142573204.30141973 2.075 12556613.763625458 2.075 199.0707062697191 2.075 145239669.42576945 2.075 12086852.517227484 2.075 199.0707062697191 2.075 151154189.70837525 2.075 11834454.426612675
2.125 198.69694209735522 2.125 108053230.50356895 2.125 41009388.63322126 2.125 198.69694209735522 2.125 165167148.66484877 2.125 11270313.636178765 2.125 198.69694209735522 2.125 169039449.5223336 2.125 11433075.055458078 2.125 198.69694209735522 2.125 171982995.48985124 2.125 10971136.761821307 2.125 198.69694209735522 2.125 178789603.70825088 2.125 10744283.888636734
2.175 194.93481812912734 2.175 101442719.45460466 2.175 36243869.08571135 2.175 194.93481812912734 2.175 160486016.02173603 2.175 10143615.46244145 2.175 194.93481812912734 2.175 164212019.75556895 2.175 10161627.124029128 2.175 194.93481812912734 2.175 167554981.56282064 2.175 9491305.407463405 2.175 194.93481812912734 2.175 173756783.90407953 2.175 9487142.39704193
2.225 196.05899162396307 2.225 78634894.76408996 2.225 45397009.23012626 2.225 196.05899162396307 2.225 160756934.89237124 2.225 10888797.139011089 2.225 196.05899162396307 2.225 164516246.32604596 2.225 10905100.140274066 2.225 196.05899162396307 2.225 167682877.51752463 2.225 10322332.479487171 2.225 196.05899162396307 2.225 173952628.20538872 2.225 10273465.541159952
2.275 185.1282357234855 2.275 76855687.60604508 2.275 51061318.67500129 2.275 185.1282357234855 2.275 176185715.34085414 2.275 6409963.946954394 2.275 185.1282357234855 2.275 180324788.97377452 2.275 6619428.714823494 2.275 185.1282357234855 2.275 183311718.32728887 2.275 6229843.64555846 2.275 185.1282357234855 2.275 190618211.43082213 2.275 5982769.446545365
2.325 191.97020097763124 2.325 93450193.97787748 2.325 77127643.43435618 2.325 191.97020097763124 2.325 248907404.85279477 2.325 7990084.082889628 2.325 191.97020097763124 2.325 254595923.69026297 2.325 8255246.892044608 2.325 191.97020097763124 2.325 259091360.46098518 2.325 7561796.690498376 2.325 191.97020097763124 2.325 269040049.95567685 2.325 7342281.035036427
2.375 191.5458715474363 2.375 94609234.67783095 2.375 59925609.61622239 2.375 191.5458715474363 2.375 204126909.66600734 2.375 11508208.111905407 2.375 191.5458715474363 2.375 208787138.37144503 2.375 11495067.216886489 2.375 191.5458715474363 2.375 212900685.06143564 2.375 10722221.117847716 2.375 191.5458715474363 2.375 220696171.80772433 2.375 10714759.986019256
2.4250000000000003 186.58245741993076 2.4250000000000003 103479531.52186187 2.4250000000000003 97121043.78108089 2.4250000000000003 186.58245741993076 2.4250000000000003 291561439.07446635 2.4250000000000003 10622848.189990677 2.4250000000000003 186.58245741993076 2.4250000000000003 298231538.05338645 2.4250000000000003 10683221.99110105 2.4250000000000003 186.58245741993076 2.4250000000000003 302679797.2015984 2.4250000000000003 10217314.38704702 2.4250000000000003 186.58245741993076 2.4250000000000003 313854194.4754446 2.4250000000000003 10127622.061849833
2.475 182.99457666165733 2.475 90723798.39178805 2.475 99659155.99644728 2.475 182.99457666165733 2.475 289124966.947279 2.475 6749058.330442166 2.475 182.99457666165733 2.475 295795128.1783786 2.475 6984382.303670632 2.475 182.99457666165733 2.475 300297536.6457389 2.475 6482218.7285829075 2.475 182.99457666165733 2.475 311811754.8348287 2.475 6216850.633540602
2.525 173.18941788546485 2.525 93562022.94280238 2.525 83413182.23440953 2.525 173.18941788546485 2.525 241502758.72082573 2.525 12221542.27073449 2.525 173.18941788546485 2.525 247025505.53510636 2.525 12316684.531384036 2.525 173.18941788546485 2.525 250751067.15106043 2.525 11899445.161236627 2.525 173.18941788546485 2.525 260289891.18843248 2.525 11730191.696880266
2.575 187.61745456001776 2.575 91113764.90972395 2.575 110860166.01606975 2.575 187.61745456001776 2.575 308108271.24270296 2.575 9440201.031184668 2.575 187.61745456001776 2.575 315139132.57012373 2.575 9419150.521207763 2.575 187.61745456001776 2.575 320053317.4708992 2.575 8814699.22470342 2.575 187.61745456001776 2.575 331684023.60572 2.575 8797457.698105458
2.625 193.47399197660644 2.625 87812224.81425464 2.625 113500797.35373792 2.625 193.47399197660644 2.625 311001403.9421416 2.625 8771198.501423327 2.625 193.47399197660644 2.625 318101650.83904094 2.625 8865295.575517312 2.625 193.47399197660644 2.625 323220777.39594567 2.625 8198761.659464104 2.625 193.47399197660644 2.625 335248851.9729771 2.625 8040058.549761017
2.6750000000000003 203.58182918243702 2.6750000000000003 75934736.20590234 2.6750000000000003 105286964.46490717 2.6750000000000003 203.58182918243702 2.6750000000000003 280525435.54857486 2.6750000000000003 9606869.418274444 2.6750000000000003 203.58182918243702 2.6750000000000003 286989844.2698336 2.6750000000000003 9824336.093273731 2.6750000000000003 203.58182918243702 2.6750000000000003 291343829.3262182 2.6750000000000003 9324311.625488479 2.6750000000000003 203.58182918243702 2.6750000000000003 302577335.20264673 2.6750000000000003 9024170.765037352
2.725 200.15622310285252 2.725 80328361.15148784 2.725 95767719.30908187 2.725 200.15622310285252 2.725 268108530.35955736 2.725 9784358.58026457 2.725 200.15622310285252 2.725 274273583.0348537 2.725 9850272.84725879 2.725 200.15622310285252 2.725 278564516.7848651 2.725 9333074.689298153 2.725 200.15622310285252 2.725 288980019.7121055 2.725 9217295.12954987
2.775 205.06298870801976 2.775 72870700.41782764 2.775 89785221.2644596 2.775 205.06298870801976 2.775 251270992.41935143 2.775 9933602.614675397 2.775 205.06298870801976 2.775 257036485.07303974 2.775 9907289.353724062 2.775 205.06298870801976 2.775 260888738.97798514 2.775 9482792.060011445 2.775 205.06298870801976 2.775 270409320.2508951 2.775 9463979.22559755
2.825 191.2823650110464 2.825 78491787.56679092 2.825 89075245.53594072 2.825 191.2823650110464 2.825 261756769.28693733 2.825 6320552.421197818 2.825 191.2823650110464 2.825 267764097.36838946 2.825 6515893.875240368 2.825 191.2823650110464 2.825 271790590.5430687 2.825 6075026.206558424 2.825 191.2823650110464 2.825 282144511.0545699 2.825 5883374.020167036
2.875 190.6407533464691 2.875 90750053.33470052 2.875 65957920.60974819 2.875 190.6407533464691 2.875 210732421.6811586 2.875 8988760.126332672 2.875 190.6407533464691 2.875 215605229.51396894 2.875 9202422.006475754 2.875 190.6407533464691 2.875 219496739.13261545 2.875 8554992.22557512 2.875 190.6407533464691 2.875 228056660.03759402 2.875 8283953.337243738
2.9250000000000003 179.80539065593825 2.9250000000000003 92253458.06330256 2.9250000000000003 50038614.00069056 2.9250000000000003 179.80539065593825 2.9250000000000003 174789197.90351033 2.9250000000000003 9360889.31133129 2.9250000000000003 179.80539065593825 2.9250000000000003 178858504.03485367 2.9250000000000003 9406382.94998035 2.9250000000000003 179.80539065593825 2.9250000000000003 182979376.9514894 2.9250000000000003 8454429.70701565 2.9250000000000003 179.80539065593825 2.9250000000000003 189801532.21385536 2.9250000000000003 8395520.570025498
2.975 184.92467625086908 2.975 73886994.21543914 2.975 51060175.70415707 2.975 184.92467625086908 2.975 163928346.00016773 2.975 9491757.37173593 2.975 184.92467625086908 2.975 167700440.71722433 2.975 9501822.589014448 2.975 184.92467625086908 2.975 171500994.18661103 2.975 8633379.900650287 2.975 184.92467625086908 2.975 177876057.65629005 2.975 8593603.096565152
3.025 192.637365638933 3.025 83715726.09770201 3.025 46247073.1639944 3.025 192.637365638933 3.025 168917847.96653134 3.025 7963424.179158552 3.025 192.637365638933 3.025 172763003.8427315 3.025 8222948.639829571 3.025 192.637365638933 3.025 176261341.24785888 3.025 7547965.911400104 3.025 192.637365638933 3.025 183223722.24867812 3.025 7290747.445664167
3.075 183.86497924499042 3.075 92676125.98280525 3.075 24982616.091543265 3.075 183.86497924499042 3.075 120940912.99199992 3.075 10528445.551833905 3.075 183.86497924499042 3.075 123712093.14573501 3.075 10747949.945865354 3.075 183.86497924499042 3.075 126281901.9316488 3.075 10194976.941418087 3.075 183.86497924499042 3.075 131510112.69888948 3.075 9954221.927397761
3.125 190.45798441460138 3.125 87834237.8478145 3.125 40565856.48173841 3.125 190.45798441460138 3.125 143813448.8712672 3.125 14847973.757681234 3.125 190.45798441460138 3.125 147145781.52255198 3.125 14817654.60781212 3.125 190.45798441460138 3.125 150692974.96768257 3.125 13953390.55206712 3.125 190.45798441460138 3.125 156254837.11227593 3.125 13916692.158372566
3.1750000000000003 179.47225064273488 3.1750000000000003 95013640.54957008 3.1750000000000003 41110722.24589107 3.1750000000000003 179.47225064273488 3.1750000000000003 158916746.73753178 3.1750000000000003 13117206.50055942 3.1750000000000003 179.47225064273488 3.1750000000000003 162550574.20853233 3.1750000000000003 13159397.756204015 3.1750000000000003 179.47225064273488 3.1750000000000003 166555684.10025424 3.1750000000000003 12169359.072828658 3.1750000000000003 179.47225064273488 3.1750000000000003 172812687.65918896 3.1750000000000003 12097782.390807211
3.225 175.68281047958124 3.225 101365740.55307736 3.225 27555869.775512855 3.225 175.68281047958124 3.225 147535461.68075222 3.225 11235710.50922205 3.225 175.68281047958124 3.225 150903572.7092041 3.225 11467160.386406908 3.225 175.68281047958124 3.225 154312203.2545256 3.225 10678950.969608974 3.225 175.68281047958124 3.225 160575027.20971134 3.225 10436770.022756258
3.275 177.87880775795858 3.275 104015946.22842295 3.275 28048755.531988263 3.275 177.87880775795858 3.275 133220208.55617347 3.275 17218675.71019066 3.275 177.87880775795858 3.275 136255862.01366347 3.275 17306718.499331385 3.275 177.87880775795858 3.275 139327801.1668344 3.275 16574888.725124212 3.275 177.87880775795858 3.275 144804302.55673632 3.275 16418139.649357487
3.325 171.49281208628062 3.325 99148828.78093138 3.325 55038936.62293303 3.325 171.49281208628062 3.325 197134556.38178566 3.325 9775361.45069845 3.325 171.49281208628062 3.325 201656613.40799934 3.325 9758263.77211178 3.325 171.49281208628062 3.325 206623363.57986376 3.325 8545612.465290379 3.325 171.49281208628062 3.325 214136863.86866948 3.325 8529352.06732432
3.375 170.19160224370694 3.375 98348621.54115476 3.375 39130741.046836875 3.375 170.19160224370694 3.375 163656591.12114963 3.375 9159921.359019937 3.375 170.19160224370694 3.375 167442654.5591442 3.375 9235907.73542591 3.375 170.19160224370694 3.375 172280827.48977315 3.375 7925380.301638594 3.375 170.19160224370694 3.375 178795116.0480444 3.375 7803833.690933457
3.4250000000000003 164.58702948172083 3.4250000000000003 86640917.34091777 3.4250000000000003 45392638.33071948 3.4250000000000003 164.58702948172083 3.4250000000000003 165920592.17796403 3.4250000000000003 10541487.72784765 3.4250000000000003 164.58702948172083 3.4250000000000003 169750826.93765014 3.4250000000000003 10718820.433173975 3.4250000000000003 164.58702948172083 3.4250000000000003 174049304.72506583 3.4250000000000003 9631265.628705258 3.4250000000000003 164.58702948172083 3.4250000000000003 180918163.7041765 3.4250000000000003 9406552.821682526
3.475 172.65072755505787 3.475 93366746.7021765 3.475 52239756.44894464 3.475 172.65072755505787 3.475 184687530.6733671 3.475 13301547.547054464 3.475 172.65072755505787 3.475 188958922.22181126 3.475 13350916.712985706 3.475 172.65072755505787 3.475 192872944.25821736 3.475 12543136.757543802 3.475 172.65072755505787 3.475 200070770.09809464 3.475 12458014.944288513
3.525 174.05308154097077 3.525 108647644.90720221 3.525 99776120.28512277 3.525 174.05308154097077 3.525 307145889.477962 3.525 10547073.714816596 3.525 174.05308154097077 3.525 314221691.79504323 3.525 10498025.39701835 3.525 174.05308154097077 3.525 319780901.7564143 3.525 9599601.02565069 3.525 174.05308154097077 3.525 331330569.8499572 3.525 9614165.054622661
3.575 172.6065505485226 3.575 109470782.60662326 3.575 70321152.61346428 3.575 172.6065505485226 3.575 255063072.70068944 3.575 8322502.509532795 3.575 172.6065505485226 3.575 260988376.3440942 3.575 8429669.744797362 3.575 172.6065505485226 3.575 266105412.5983832 3.575 7460307.799826496 3.575 172.6065505485226 3.575 276071009.8425328 3.575 7336824.384365029
3.625 174.9232177076485 3.625 86939889.81222977 3.625 68162739.03308801 3.625 174.9232177076485 3.625 219306974.41472465 3.625 13206041.392817544 3.625 174.9232177076485 3.625 224395757.18151927 3.625 13336930.438335195 3.625 174.9232177076485 3.625 228802553.27943337 3.625 12474137.61399221 3.625 174.9232177076485 3.625 237511969.15178367 3.625 12312175.046403427
3.6750000000000003 174.59329588924876 3.6750000000000003 79791136.09289432 3.6750000000000003 95901400.001263 3.6750000000000003 174.59329588924876 3.6750000000000003 285951940.1713814 3.6750000000000003 7205687.769785193 3.6750000000000003 174.59329588924876 3.6750000000000003 292491446.2885286 3.6750000000000003 7239096.506564043 3.6750000000000003 174.59329588924876 3.6750000000000003 297553853.6734673 3.6750000000000003 6463873.806497393 3.6750000000000003 174.59329588924876 3.6750000000000003 308407612.1687242 3.6750000000000003 6440109.8221095335
3.725 169.648559006823 3.725 83429448.24267903 3.725 91180707.37049562 3.725 169.648559006823 3.725 256600162.88064045 3.725 14182741.364664521 3.725 169.648559006823 3.725 262458910.69726714 3.725 14174030.081390886 3.725 169.648559006823 3.725 267457157.21790317 3.725 13233625.977517579 3.725 169.648559006823 3.725 277160519.00877786 3.725 13225859.147859637
3.775 172.18988816225902 3.775 82581344.28698768 3.775 78934085.94865291 3.775 172.18988816225902 3.775 225966946.3704564 3.775 11664377.094206985 3.775 172.18988816225902 3.775 231130469.7379849 3.775 11798779.80719479 3.775 172.18988816225902 3.775 235769446.1162012 3.775 10894716.643404491 3.775 172.18988816225902 3.775 244606230.3834837 3.775 10767525.020507643
3.825 167.34047518351053 3.825 83635374.52475658 3.825 89139495.65062071 3.825 167.34047518351053 3.825 237125211.89716217 3.825 16407223.62812933 3.825 167.34047518351053 3.825 242548298.36066166 3.825 16535925.238903388 3.825 167.34047518351053 3.825 246953673.58297092 3.825 15726980.832123144 3.825 167.34047518351053 3.825 256265781.64641207 3.825 15602904.451037094
3.875 172.9867558294895 3.875 82563434.02626145 3.875 119055675.69903217 3.875 172.9867558294895 3.875 302006821.11240065 3.875 17899383.45052037 3.875 172.9867558294895 3.875 308918464.0643548 3.875 17859506.098892264 3.875 172.9867558294895 3.875 314202112.3163677 3.875 17030602.625225652 3.875 172.9867558294895 3.875 325541838.755672 3.875 17054692.015843697
3.9250000000000003 174.75488923245732 3.9250000000000003 94031438.89037724 3.9250000000000003 75049360.8549098 3.9250000000000003 174.75488923245732 3.9250000000000003 249139031.482245 3.9250000000000003 7743455.165033704 3.9250000000000003 174.75488923245732 3.9250000000000003 254837170.18020502 3.9250000000000003 7732808.2906930195 3.9250000000000003 174.75488923245732 3.9250000000000003 259591124.6102929 3.9250000000000003 6905990.276319073 3.9250000000000003 174.75488923245732 3.9250000000000003 269025828.3327643 3.9250000000000003 6922094.592461922
3.975 173.47085451581205 3.975 78098099.02865475 3.975 74843480.62232397 3.975 173.47085451581205 3.975 229946466.43908572 3.975 10330083.460961144 3.975 173.47085451581205 3.975 235224851.15638912 3.975 10448423.126500627 3.975 173.47085451581205 3.975 240067848.31674054 3.975 9453486.767920895 3.975 173.47085451581205 3.975 249113384.44819716 3.975 9349804.14241745
4.025 165.58217546683161 4.025 66286631.26788214 4.025 112412005.90356185 4.025 165.58217546683161 4.025 297575743.92635745 4.025 12238865.706152909 4.025 165.58217546683161 4.025 304388604.8750254 4.025 12262722.129010405 4.025 165.58217546683161 4.025 309627824.0713554 4.025 11459121.179778717 4.025 165.58217546683161 4.025 321038557.7239976 4.025 11389379.31546717
4.075 165.61991983095933 4.075 73691076.82359654 4.075 74056067.235484 4.075 165.61991983095933 4.075 232138628.74311107 4.075 7424291.127020674 4.075 165.61991983095933 4.075 237462091.25478622 4.075 7360344.564327623 4.075 165.61991983095933 4.075 241767869.24273884 4.075 6644054.791558154 4.075 165.61991983095933 4.075 250485820.7064934 4.075 6686127.073350093
4.125000000000001 169.2315129056375 4.125000000000001 64249247.995805405 4.125000000000001 82121134.22502196 4.125000000000001 169.2315129056375 4.125000000000001 237216344.96939325 4.125000000000001 7504126.70115798 4.125000000000001 169.2315129056375 4.125000000000001 242645844.98055354 4.125000000000001 7499079.539725061 4.125000000000001 169.2315129056375 4.125000000000001 246552701.48621228 4.125000000000001 6989279.079522185 4.125000000000001 169.2315129056375 4.125000000000001 255531382.88047737 4.125000000000001 6989772.975048834
4.175000000000001 184.30233153602452 4.175000000000001 76624065.19102119 4.175000000000001 52307210.32694563 4.175000000000001 184.30233153602452 4.175000000000001 175849600.26509672 4.175000000000001 10923859.589479676 4.175000000000001 184.30233153602452 4.175000000000001 179891558.13845414 4.175000000000001 10988909.347148146 4.175000000000001 184.30233153602452 4.175000000000001 182992427.98394677 4.175000000000001 10514366.730744436 4.175000000000001 184.30233153602452 4.175000000000001 189947735.6740316 4.175000000000001 10421879.16172668
4.2250000000000005 171.5110540178407 4.2250000000000005 76079385.97416782 4.2250000000000005 88235391.92145808 4.2250000000000005 171.5110540178407 4.2250000000000005 260323164.68841678 4.2250000000000005 8678530.107220393 4.2250000000000005 171.5110540178407 4.2250000000000005 266301183.85423917 4.2250000000000005 8707234.350664388 4.2250000000000005 171.5110540178407 4.2250000000000005 270302742.9135013 4.2250000000000005 8269551.860953064 4.2250000000000005 171.5110540178407 4.2250000000000005 280251974.7008291 4.2250000000000005 8262594.950759039
4.275 175.7460007839395 4.275 64277982.996872954 4.275 27749413.553159617 4.275 175.7460007839395 4.275 110015969.33670978 4.275 8678203.559862409 4.275 175.7460007839395 4.275 112573175.01332308 4.275 8624878.271742657 4.275 175.7460007839395 4.275 114721114.19405851 4.275 8228452.950996804 4.275 175.7460007839395 4.275 118881311.01770729 4.275 8320707.713871283
4.325 175.98718518429214 4.325 93930127.79086217 4.325 43505329.33191281 4.325 175.98718518429214 4.325 175376407.19396964 4.325 10154647.895463107 4.325 175.98718518429214 4.325 179429873.4074602 4.325 10129164.238232851 4.325 175.98718518429214 4.325 182613619.56470123 4.325 9610016.456057696 4.325 175.98718518429214 4.325 189376702.67584556 4.325 9624067.519751541
4.375000000000001 172.77484888480765 4.375000000000001 103320710.16181193 4.375000000000001 55793810.84009759 4.375000000000001 172.77484888480765 4.375000000000001 223694135.44221494 4.375000000000001 6769770.995071212 4.375000000000001 172.77484888480765 4.375000000000001 228850369.08488506 4.375000000000001 6828480.787444903 4.375000000000001 172.77484888480765 4.375000000000001 232543050.77525237 4.375000000000001 6350047.58843361 4.375000000000001 172.77484888480765 4.375000000000001 241193005.67307574 4.375000000000001 6284018.66813021
4.425000000000001 171.43764899016773 4.425000000000001 90485902.76995623 4.425000000000001 60907169.76213955 4.425000000000001 171.43764899016773 4.425000000000001 215411220.5253026 4.425000000000001 9696203.037946802 4.425000000000001 171.43764899016773 4.425000000000001 220364272.68410578 4.425000000000001 9684778.899075426 4.425000000000001 171.43764899016773 4.425000000000001 224234451.67665306 4.425000000000001 9054801.752062714 4.425000000000001 171.43764899016773 4.425000000000001 232437767.61517575 4.425000000000001 9057370.668561473
4.4750000000000005 162.5598964637134 4.4750000000000005 80794113.09161158 4.4750000000000005 38921267.46196259 4.4750000000000005 162.5598964637134 4.4750000000000005 158893481.30706882 4.4750000000000005 9996868.855129147 4.4750000000000005 162.5598964637134 4.4750000000000005 162551274.81673205 4.4750000000000005 9926033.885807091 4.4750000000000005 162.5598964637134 4.4750000000000005 165498852.43975604 4.4750000000000005 9424459.79996177 4.4750000000000005 162.5598964637134 4.4750000000000005 171489528.48897448 4.4750000000000005 9479773.938249627
4.525 169.3554416104818 4.525 85124028.75023574 4.525 40436793.82922499 4.525 169.3554416104818 4.525 172616246.92267147 4.525 8013053.617974684 4.525 169.3554416104818 4.525 176581734.3069757 4.525 8032659.3396001365 4.525 169.3554416104818 4.525 180022268.70715734 4.525 7396892.179016837 4.525 169.3554416104818 4.525 186682285.3707617 4.525 7381353.635434069
4.575 168.87014550212973 4.575 98369036.43653359 4.575 61607990.613696344 4.575 168.87014550212973 4.575 234652944.28099844 4.575 8377694.452125094 4.575 168.87014550212973 4.575 240032440.6710556 4.575 8460838.53212717 4.575 168.87014550212973 4.575 244653128.19381952 4.575 7616986.814930083 4.575 168.87014550212973 4.575 253682973.71750563 4.575 7584436.0903564105
4.625000000000001 189.03027248063952 4.625000000000001 93695025.1428518 4.625000000000001 57641692.85788116 4.625000000000001 189.03027248063952 4.625000000000001 215749462.43233928 4.625000000000001 8591370.40392056 4.625000000000001 189.03027248063952 4.625000000000001 220708498.1031229 4.625000000000001 8542682.805145038 4.625000000000001 189.03027248063952 4.625000000000001 225269316.3504913 4.625000000000001 7631615.428215091 4.625000000000001 189.03027248063952 4.625000000000001 233374962.35636306 4.625000000000001 7677341.702943928
4.675000000000001 194.68942010905968 4.675000000000001 96830228.85911034 4.675000000000001 51704964.67874845 4.675000000000001 194.68942010905968 4.675000000000001 200608319.19516754 4.675000000000001 8792991.45852757 4.675000000000001 194.68942010905968 4.675000000000001 205209654.3407393 4.675000000000001 8799872.001104487 4.675000000000001 194.68942010905968 4.675000000000001 209775996.07342908 4.675000000000001 7803478.597040915 4.675000000000001 194.68942010905968 4.675000000000001 217364592.72380358 4.675000000000001 7840891.561366439
4.7250000000000005 186.3628056013199 4.7250000000000005 102990107.08696896 4.7250000000000005 85586728.21767595 4.7250000000000005 186.3628056013199 4.7250000000000005 275663118.14181596 4.7250000000000005 11945263.818067234 4.7250000000000005 186.3628056013199 4.7250000000000005 281983362.4925003 4.7250000000000005 12024989.141499896 4.7250000000000005 186.3628056013199 4.7250000000000005 287011326.17173344 4.7250000000000005 11182923.400066307 4.7250000000000005 186.3628056013199 4.7250000000000005 297555303.6270626 4.7250000000000005 11147339.652360236
4.775 197.83215106553425 4.775 112494619.89154741 4.775 118036116.05193834 4.775 197.83215106553425 4.775 359421656.9473364 4.775 10293930.98606592 4.775 197.83215106553425 4.775 367649887.31637883 4.775 10290453.14934493 4.775 197.83215106553425 4.775 373386605.13602567 4.775 9603757.49507486 4.775 197.83215106553425 4.775 386938113.67661035 4.775 9611636.796733584
4.825000000000001 191.78800976421874 4.825000000000001 107356940.42650953 4.825000000000001 70448192.09434946 4.825000000000001 191.78800976421874 4.825000000000001 241675418.1111363 4.825000000000001 13589329.838973323 4.825000000000001 191.78800976421874 4.825000000000001 247234570.11530626 4.825000000000001 13508603.99336714 4.825000000000001 191.78800976421874 4.825000000000001 251658504.44534418 4.825000000000001 12768629.654704675 4.825000000000001 191.78800976421874 4.825000000000001 260705176.7120881 4.825000000000001 12809380.201225726
4.875000000000001 192.78298012879705 4.875000000000001 107696230.32803422 4.875000000000001 136499285.95223355 4.875000000000001 192.78298012879705 4.875000000000001 401098854.57466775 4.875000000000001 9966697.416660024 4.875000000000001 192.78298012879705 4.875000000000001 410267858.7651071 4.875000000000001 9985204.109419001 4.875000000000001 192.78298012879705 4.875000000000001 416777582.9528263 4.875000000000001 9168644.837622229 4.875000000000001 192.78298012879705 4.875000000000001 431864008.6607108 4.875000000000001 9151759.811825281
4.925000000000001 183.42697669082543 4.925000000000001 104245501.9166184 4.925000000000001 177518772.5480889 4.925000000000001 183.42697669082543 4.925000000000001 476278686.57390743 4.925000000000001 16540439.07647848 4.925000000000001 183.42697669082543 4.925000000000001 487156129.3182312 4.925000000000001 16511235.98833489 4.925000000000001 183.42697669082543 4.925000000000001 494419514.5362973 4.925000000000001 15719175.104137583 4.925000000000001 183.42697669082543 4.925000000000001 512348839.87026906 4.925000000000001 15676884.809810832
4.9750000000000005 195.95191819518493 4.9750000000000005 113027656.75453079 4.9750000000000005 145127896.35494354 4.9750000000000005 195.95191819518493 4.9750000000000005 414804952.82845515 4.9750000000000005 13623587.108824288 4.9750000000000005 195.95191819518493 4.9750000000000005 424310921.6198852 4.9750000000000005 13558236.504745694 4.9750000000000005 195.95191819518493 4.9750000000000005 431260106.4503768 4.9750000000000005 12591642.231684908 4.9750000000000005 195.95191819518493 4.9750000000000005 446728890.72615874 4.9750000000000005 12637370.503994407
