PRE_x_5_sig_First_SNC PRE_y_5_sig_First_SNC BRN_x_5_sig_First_SNC BRN_y_5_sig_First_SNC PST_x_5_sig_First_SNC PST_y_5_sig_First_SNC PRE_x_7.5_sig_Per_SNC PRE_y_7.5_sig_Per_SNC BRN_x_7.5_sig_Per_SNC BRN_y_7.5_sig_Per_SNC PST_x_7.5_sig_Per_SNC PST_y_7.5_sig_Per_SNC PRE_x_10_sig_Per_SNC PRE_y_10_sig_Per_SNC BRN_x_10_sig_Per_SNC BRN_y_10_sig_Per_SNC PST_x_10_sig_Per_SNC PST_y_10_sig_Per_SNC PRE_x_12.5_sig_Per_SNC PRE_y_12.5_sig_Per_SNC BRN_x_12.5_sig_Per_SNC BRN_y_12.5_sig_Per_SNC PST_x_12.5_sig_Per_SNC PST_y_12.5_sig_Per_SNC PRE_x_15_sig_Per_SNC PRE_y_15_sig_Per_SNC BRN_x_15_sig_Per_SNC BRN_y_15_sig_Per_SNC PST_x_15_sig_Per_SNC PST_y_15_sig_Per_SNC
0.024999999999999994 25875.388148090973 0.024999999999999994 32540.973869803405 0.024999999999999994 62783.88437736448 0.024999999999999994 25875.388148090973 0.024999999999999994 35052.60493058202 0.024999999999999994 64143.89256698408 0.024999999999999994 25875.388148090973 0.024999999999999994 34241.19532478007 0.024999999999999994 63919.30278661018 0.024999999999999994 25875.388148090973 0.024999999999999994 34212.122832107336 0.024999999999999994 63720.65450636226 0.024999999999999994 25875.388148090973 0.024999999999999994 33652.53082791556 0.024999999999999994 62731.33243028628
0.075 6517.557827095422 0.075 5218.688145789495 0.075 15309.016497307775 0.075 6517.557827095422 0.075 5925.93099494074 0.075 15491.309965301887 0.075 6517.557827095422 0.075 5898.845323458723 0.075 15408.27889207624 0.075 6517.557827095422 0.075 5934.166018432434 0.075 15350.436435878488 0.075 6517.557827095422 0.075 6023.076117307188 0.075 15225.939022205775
0.125 4056.0367920059366 0.125 3525.5724318975176 0.125 9235.229926617096 0.125 4056.0367920059366 0.125 3990.360962883568 0.125 9249.31184287082 0.125 4056.0367920059366 0.125 3945.864073601468 0.125 9197.650377027347 0.125 4056.0367920059366 0.125 3949.7460163760625 0.125 9154.264735603048 0.125 4056.0367920059366 0.125 3959.8719251071807 0.125 9111.876671763264
0.17500000000000002 3275.6491444337817 0.17500000000000002 2678.5672979426813 0.17500000000000002 6580.378132415755 0.17500000000000002 3275.6491444337817 0.17500000000000002 3114.433765439796 0.17500000000000002 6666.216312455361 0.17500000000000002 3275.6491444337817 0.17500000000000002 3063.844760526747 0.17500000000000002 6630.02761366739 0.17500000000000002 3275.6491444337817 0.17500000000000002 3073.996038675338 0.17500000000000002 6593.3289941788435 0.17500000000000002 3275.6491444337817 0.17500000000000002 3088.506658444341 0.17500000000000002 6547.566002902811
0.225 2845.2765769123134 0.225 2294.92666849279 0.225 5401.155459251641 0.225 2845.2765769123134 0.225 2669.953154962569 0.225 5481.266982998406 0.225 2845.2765769123134 0.225 2647.7209539944306 0.225 5461.802579056709 0.225 2845.2765769123134 0.225 2660.1825388178695 0.225 5427.435276105597 0.225 2845.2765769123134 0.225 2714.833539081203 0.225 5398.06352174415
0.275 2539.591677355425 0.275 2121.376315924101 0.275 5078.384752684219 0.275 2539.591677355425 0.275 2488.0487536394166 0.275 5209.010366407645 0.275 2539.591677355425 0.275 2496.8763937136073 0.275 5177.348543012286 0.275 2539.591677355425 0.275 2525.350103935763 0.275 5153.566787000672 0.275 2539.591677355425 0.275 2567.0692289821095 0.275 5100.236438619504
0.32500000000000007 2227.1948796127645 0.32500000000000007 2022.7540073057078 0.32500000000000007 4401.963955398511 0.32500000000000007 2227.1948796127645 0.32500000000000007 2367.088866428218 0.32500000000000007 4520.562667102767 0.32500000000000007 2227.1948796127645 0.32500000000000007 2343.144311469929 0.32500000000000007 4495.195914494786 0.32500000000000007 2227.1948796127645 0.32500000000000007 2366.2078445653665 0.32500000000000007 4479.201066116543 0.32500000000000007 2227.1948796127645 0.32500000000000007 2430.743048480173 0.32500000000000007 4426.158171999446
0.375 2191.1217814826146 0.375 1728.994504794105 0.375 4213.841146536328 0.375 2191.1217814826146 0.375 2083.9354987650004 0.375 4316.812237633009 0.375 2191.1217814826146 0.375 2038.4243706398488 0.375 4290.641618143045 0.375 2191.1217814826146 0.375 2063.418983904252 0.375 4260.690107588679 0.375 2191.1217814826146 0.375 2095.033091873613 0.375 4227.0990572324345
0.42500000000000004 2111.320503996767 0.42500000000000004 1842.4845292770149 0.42500000000000004 3957.3527678637934 0.42500000000000004 2111.320503996767 0.42500000000000004 2047.0386964833715 0.42500000000000004 4010.8282046533723 0.42500000000000004 2111.320503996767 0.42500000000000004 2035.9621755068315 0.42500000000000004 3987.529692555061 0.42500000000000004 2111.320503996767 0.42500000000000004 2047.443138435704 0.42500000000000004 3961.3575873303516 0.42500000000000004 2111.320503996767 0.42500000000000004 2098.701537315533 0.42500000000000004 3929.5103165985806
0.475 1999.5143029193634 0.475 1805.7679722077512 0.475 3854.7083841557783 0.475 1999.5143029193634 0.475 2019.2581180685077 0.475 4003.9950628475026 0.475 1999.5143029193634 0.475 1993.5470502295293 0.475 3976.7549528110603 0.475 1999.5143029193634 0.475 1999.7939793963712 0.475 3954.1832553665968 0.475 1999.5143029193634 0.475 2082.521174750588 0.475 3894.6391355372816
0.525 1990.867033645187 0.525 1726.8305768569855 0.525 3658.494545494062 0.525 1990.867033645187 0.525 1901.457443258211 0.525 3771.817486995743 0.525 1990.867033645187 0.525 1908.0600956866047 0.525 3758.607974730117 0.525 1990.867033645187 0.525 1920.7463589677436 0.525 3739.7665825908152 0.525 1990.867033645187 0.525 1967.8259374303082 0.525 3708.907589257773
0.5750000000000001 1856.9762113996894 0.5750000000000001 1619.4054659390501 0.5750000000000001 3459.673169971574 0.5750000000000001 1856.9762113996894 0.5750000000000001 1809.043704029361 0.5750000000000001 3537.66376055171 0.5750000000000001 1856.9762113996894 0.5750000000000001 1775.0186539877914 0.5750000000000001 3510.521168929764 0.5750000000000001 1856.9762113996894 0.5750000000000001 1789.7219863097414 0.5750000000000001 3497.1611369958414 0.5750000000000001 1856.9762113996894 0.5750000000000001 1850.0681891569202 0.5750000000000001 3487.3774332171074
0.6250000000000001 1817.549935358759 0.6250000000000001 1625.805947660215 0.6250000000000001 3460.0162659168036 0.6250000000000001 1817.549935358759 0.6250000000000001 1802.1273807978607 0.6250000000000001 3563.7506319679715 0.6250000000000001 1817.549935358759 0.6250000000000001 1794.3773006762526 0.6250000000000001 3532.6200093292437 0.6250000000000001 1817.549935358759 0.6250000000000001 1813.4418777476344 0.6250000000000001 3520.733358076955 0.6250000000000001 1817.549935358759 0.6250000000000001 1856.6418703859008 0.6250000000000001 3490.7223591233446
0.675 1768.816405064848 0.675 1565.0817380469782 0.675 3260.3775857294813 0.675 1768.816405064848 0.675 1724.2050145724756 0.675 3321.3228337062455 0.675 1768.816405064848 0.675 1700.1443699883578 0.675 3299.2418338100774 0.675 1768.816405064848 0.675 1731.5738655668056 0.675 3278.5843805467475 0.675 1768.816405064848 0.675 1783.123971868846 0.675 3269.7319420875237
0.7250000000000001 1785.9262956432963 0.7250000000000001 1625.9427966135174 0.7250000000000001 3281.353312501473 0.7250000000000001 1785.9262956432963 0.7250000000000001 1645.4530315634436 0.7250000000000001 3340.460507771701 0.7250000000000001 1785.9262956432963 0.7250000000000001 1645.188948497559 0.7250000000000001 3317.0285193179357 0.7250000000000001 1785.9262956432963 0.7250000000000001 1661.1739130707092 0.7250000000000001 3291.4930906836503 0.7250000000000001 1785.9262956432963 0.7250000000000001 1731.643793126253 0.7250000000000001 3263.9468562372667
0.775 1778.3222729089707 0.775 1645.280335889742 0.775 3172.440048606706 0.775 1778.3222729089707 0.775 1829.357850898285 0.775 3214.414763176788 0.775 1778.3222729089707 0.775 1790.3359465208753 0.775 3202.7610814094123 0.775 1778.3222729089707 0.775 1802.298066185319 0.775 3183.2758240757016 0.775 1778.3222729089707 0.775 1832.8220689222258 0.775 3152.4029705360854
0.8250000000000001 1701.141030039432 0.8250000000000001 1525.0945144789252 0.8250000000000001 3100.4644375391063 0.8250000000000001 1701.141030039432 0.8250000000000001 1649.1635103940803 0.8250000000000001 3179.295853764674 0.8250000000000001 1701.141030039432 0.8250000000000001 1619.4529193359433 0.8250000000000001 3164.095838298131 0.8250000000000001 1701.141030039432 0.8250000000000001 1637.0931097666714 0.8250000000000001 3141.274472689864 0.8250000000000001 1701.141030039432 0.8250000000000001 1686.0804657137098 0.8250000000000001 3128.3432223917407
0.8750000000000001 1702.763967122819 0.8750000000000001 1556.6932904798646 0.8750000000000001 3085.318930189317 0.8750000000000001 1702.763967122819 0.8750000000000001 1690.9036439114225 0.8750000000000001 3128.255589887933 0.8750000000000001 1702.763967122819 0.8750000000000001 1658.6667171527265 0.8750000000000001 3108.794608414277 0.8750000000000001 1702.763967122819 0.8750000000000001 1639.668412369391 0.8750000000000001 3096.7287108266214 0.8750000000000001 1702.763967122819 0.8750000000000001 1697.98010699459 0.8750000000000001 3074.2223603226203
0.925 1685.9593770891133 0.925 1481.0066664391722 0.925 3011.613537646037 0.925 1685.9593770891133 0.925 1677.799595465424 0.925 3069.535763100939 0.925 1685.9593770891133 0.925 1654.2635614574453 0.925 3056.342623341968 0.925 1685.9593770891133 0.925 1648.4264253305018 0.925 3036.6481838654513 0.925 1685.9593770891133 0.925 1735.0555369747922 0.925 3016.688502806641
0.9750000000000001 1636.9464766551666 0.9750000000000001 1642.6149847480506 0.9750000000000001 3014.8563535300136 0.9750000000000001 1636.9464766551666 0.9750000000000001 1668.6170393214675 0.9750000000000001 3060.599618471618 0.9750000000000001 1636.9464766551666 0.9750000000000001 1634.4200314748186 0.9750000000000001 3047.6834073001583 0.9750000000000001 1636.9464766551666 0.9750000000000001 1630.1766920262078 0.9750000000000001 3032.3785322831927 0.9750000000000001 1636.9464766551666 0.9750000000000001 1733.5586896688678 0.9750000000000001 3014.035927443731
1.025 1683.3392915576849 1.025 1574.2025962611897 1.025 2885.9498750889557 1.025 1683.3392915576849 1.025 1670.1316428196506 1.025 2942.8964563454288 1.025 1683.3392915576849 1.025 1641.6520430668515 1.025 2932.8953626336024 1.025 1683.3392915576849 1.025 1635.1044944854068 1.025 2911.700539205455 1.025 1683.3392915576849 1.025 1713.3205673825892 1.025 2900.665895939403
1.075 1574.346433458047 1.075 1594.4293069728305 1.075 2798.4094111391773 1.075 1574.346433458047 1.075 1618.6064403746905 1.075 2847.0154160295974 1.075 1574.346433458047 1.075 1617.0454049786906 1.075 2829.457722724994 1.075 1574.346433458047 1.075 1631.9725108294028 1.075 2813.5889758775907 1.075 1574.346433458047 1.075 1681.5574585463125 1.075 2794.96238687143
1.125 1529.1195620923872 1.125 1541.145978231901 1.125 2630.246188559682 1.125 1529.1195620923872 1.125 1601.4129419614283 1.125 2669.6239062285704 1.125 1529.1195620923872 1.125 1612.940125711386 1.125 2652.627479055819 1.125 1529.1195620923872 1.125 1625.800719170639 1.125 2646.7070212693416 1.125 1529.1195620923872 1.125 1677.152152687411 1.125 2633.9463293999756
1.175 1534.1233025049937 1.175 1470.1092741665802 1.175 2628.7711200554113 1.175 1534.1233025049937 1.175 1615.500996674963 1.175 2678.295681285486 1.175 1534.1233025049937 1.175 1586.4328569968457 1.175 2656.3468819329746 1.175 1534.1233025049937 1.175 1605.1324295737697 1.175 2640.399798994043 1.175 1534.1233025049937 1.175 1674.1505564124009 1.175 2624.7401688458945
1.225 1543.1399082310018 1.225 1462.3184173708291 1.225 2618.948480955523 1.225 1543.1399082310018 1.225 1505.3589871230995 1.225 2653.9127450614747 1.225 1543.1399082310018 1.225 1494.2736631333332 1.225 2634.2911785847637 1.225 1543.1399082310018 1.225 1515.175464744354 1.225 2620.4557661746667 1.225 1543.1399082310018 1.225 1582.208480792463 1.225 2615.426750386785
1.275 1552.6677364739433 1.275 1363.0673144862953 1.275 2637.4865154503555 1.275 1552.6677364739433 1.275 1477.1296214999186 1.275 2662.652536507461 1.275 1552.6677364739433 1.275 1465.5665309576748 1.275 2635.616685608372 1.275 1552.6677364739433 1.275 1486.8296567051536 1.275 2618.067655488021 1.275 1552.6677364739433 1.275 1524.8102896865719 1.275 2612.6981107908446
1.325 1554.3343617252697 1.325 1290.5199588996104 1.325 2504.0085498832377 1.325 1554.3343617252697 1.325 1437.952548000657 1.325 2525.817736366931 1.325 1554.3343617252697 1.325 1440.4858302070625 1.325 2509.276228943177 1.325 1554.3343617252697 1.325 1448.6910135154715 1.325 2495.1453530447484 1.325 1554.3343617252697 1.325 1498.0230218453153 1.325 2485.885805506634
1.375 1451.5399446485733 1.375 1292.624557972423 1.375 2515.155308111923 1.375 1451.5399446485733 1.375 1499.5366633285912 1.375 2548.090503547878 1.375 1451.5399446485733 1.375 1504.230973513186 1.375 2529.4655871161362 1.375 1451.5399446485733 1.375 1513.433997253734 1.375 2512.165047288978 1.375 1451.5399446485733 1.375 1564.7082579352523 1.375 2495.6316907703645
1.425 1407.8646553130598 1.425 1240.1085703794042 1.425 2554.1753489643907 1.425 1407.8646553130598 1.425 1379.3856466744214 1.425 2566.4215642469926 1.425 1407.8646553130598 1.425 1376.070028192223 1.425 2548.085229210922 1.425 1407.8646553130598 1.425 1387.6199039731403 1.425 2537.4962786433025 1.425 1407.8646553130598 1.425 1443.8974743402582 1.425 2531.0092593681225
1.475 1382.633238046208 1.475 1147.1296651927478 1.475 2517.8572853186106 1.475 1382.633238046208 1.475 1264.4419857916373 1.475 2571.5112201098746 1.475 1382.633238046208 1.475 1252.409606734765 1.475 2549.7361032127246 1.475 1382.633238046208 1.475 1267.3944827093103 1.475 2540.328988107328 1.475 1382.633238046208 1.475 1276.6161355406286 1.475 2525.244448661029
1.525 1341.0202500802448 1.525 1121.7611788477457 1.525 2502.1690638473815 1.525 1341.0202500802448 1.525 1303.6001624750058 1.525 2551.972260862748 1.525 1341.0202500802448 1.525 1275.9478497292548 1.525 2538.350487220046 1.525 1341.0202500802448 1.525 1289.4880865447042 1.525 2525.0498526840074 1.525 1341.0202500802448 1.525 1298.151207187214 1.525 2512.7169191327966
1.575 1332.8293551973663 1.575 1101.4562158016054 1.575 2294.9316837113065 1.575 1332.8293551973663 1.575 1256.3494555828388 1.575 2331.5778439554992 1.575 1332.8293551973663 1.575 1228.2321269332047 1.575 2316.452481007822 1.575 1332.8293551973663 1.575 1241.347561200703 1.575 2301.7949691867484 1.575 1332.8293551973663 1.575 1291.0238515231358 1.575 2290.1101892367737
1.625 1350.480268065757 1.625 1152.1050488146882 1.625 2240.6528037744433 1.625 1350.480268065757 1.625 1315.819113562584 1.625 2275.731596975702 1.625 1350.480268065757 1.625 1300.7160720872182 1.625 2260.7276015596494 1.625 1350.480268065757 1.625 1308.3364731210131 1.625 2247.4977528284994 1.625 1350.480268065757 1.625 1322.954961988263 1.625 2239.7535660265034
1.675 1298.0943469484134 1.675 1110.8649387880819 1.675 2285.675762847753 1.675 1298.0943469484134 1.675 1255.4462090625102 1.675 2341.9872770678503 1.675 1298.0943469484134 1.675 1256.5677111364735 1.675 2329.7404914147623 1.675 1298.0943469484134 1.675 1270.626159000718 1.675 2313.0995553195594 1.675 1298.0943469484134 1.675 1309.0573640021205 1.675 2302.9936687172053
1.725 1272.2008775406894 1.725 1145.054683026596 1.725 2229.1787331437617 1.725 1272.2008775406894 1.725 1289.3406433143393 1.725 2272.1136252133006 1.725 1272.2008775406894 1.725 1282.235410124353 1.725 2254.247875405123 1.725 1272.2008775406894 1.725 1283.601353729735 1.725 2247.103273914651 1.725 1272.2008775406894 1.725 1286.5320284574111 1.725 2234.5201100151853
1.775 1224.8755769782044 1.775 1115.4325776207766 1.775 2126.7168213285154 1.775 1224.8755769782044 1.775 1263.389441691911 1.775 2129.3290675032154 1.775 1224.8755769782044 1.775 1260.996499245557 1.775 2120.0931860789406 1.775 1224.8755769782044 1.775 1265.4497415568667 1.775 2101.6296704280853 1.775 1224.8755769782044 1.775 1296.4871075109402 1.775 2080.906503929399
1.825 1215.4306799004055 1.825 1151.6418650157643 1.825 2125.421407049055 1.825 1215.4306799004055 1.825 1287.927036062234 1.825 2155.4017966666297 1.825 1215.4306799004055 1.825 1263.204838117526 1.825 2143.7653189696075 1.825 1215.4306799004055 1.825 1274.7269953119385 1.825 2131.209078932566 1.825 1215.4306799004055 1.825 1287.4464499729825 1.825 2119.8094001231366
1.875 1197.6446646075754 1.875 1029.6669139348999 1.875 2038.030241384199 1.875 1197.6446646075754 1.875 1177.7213440090688 1.875 2048.8283740671795 1.875 1197.6446646075754 1.875 1154.9398650521757 1.875 2041.6020182910488 1.875 1197.6446646075754 1.875 1182.4558397451203 1.875 2026.3314583744914 1.875 1197.6446646075754 1.875 1196.3489643075343 1.875 2024.2080568276917
1.925 1219.3211727382138 1.925 992.6622331016065 1.925 2130.0618801158157 1.925 1219.3211727382138 1.925 1141.2069060638894 1.925 2145.3458449421896 1.925 1219.3211727382138 1.925 1137.4080791864174 1.925 2131.373595765718 1.925 1219.3211727382138 1.925 1159.0271748081093 1.925 2115.2144476992644 1.925 1219.3211727382138 1.925 1197.597453003748 1.925 2100.782356179092
1.975 1209.3841165151946 1.975 964.9478324786529 1.975 2150.2457851058384 1.975 1209.3841165151946 1.975 1167.5373317284382 1.975 2183.965963566658 1.975 1209.3841165151946 1.975 1168.9082996097434 1.975 2171.1724796955946 1.975 1209.3841165151946 1.975 1186.0348584998414 1.975 2155.0988820228854 1.975 1209.3841165151946 1.975 1236.5218876884885 1.975 2140.540115160376
2.025 1146.7069952173056 2.025 1014.6681354004988 2.025 2184.431551835897 2.025 1146.7069952173056 2.025 1192.5611535053445 2.025 2205.2341235572126 2.025 1146.7069952173056 2.025 1185.925180311382 2.025 2184.0204025913667 2.025 1146.7069952173056 2.025 1195.3369142387783 2.025 2172.3213894748105 2.025 1146.7069952173056 2.025 1254.2576308056268 2.025 2158.577976838589
2.075 1141.2751779776995 2.075 1028.4039687666668 2.075 1965.5352081021779 2.075 1141.2751779776995 2.075 1184.3457233087247 2.075 1972.6306291714263 2.075 1141.2751779776995 2.075 1172.9859482420327 2.075 1961.9484172448033 2.075 1141.2751779776995 2.075 1176.336396576846 2.075 1944.030537644161 2.075 1141.2751779776995 2.075 1207.8729667188124 2.075 1935.0555935345444
2.125 1131.4930597051268 2.125 1046.0543757838514 2.125 1977.7306049456008 2.125 1131.4930597051268 2.125 1187.388651611641 2.125 1960.6122949652943 2.125 1131.4930597051268 2.125 1158.741799088819 2.125 1946.8421692799282 2.125 1131.4930597051268 2.125 1170.9960366268601 2.125 1930.7393406433011 2.125 1131.4930597051268 2.125 1214.6670907586345 2.125 1927.186023068683
2.175 1102.5823666760284 2.175 980.2938600585447 2.175 2027.0255140949123 2.175 1102.5823666760284 2.175 1085.3920800457738 2.175 2016.848580337798 2.175 1102.5823666760284 2.175 1082.2689687976183 2.175 1998.7735331413135 2.175 1102.5823666760284 2.175 1084.250924699621 2.175 1982.8836994103317 2.175 1102.5823666760284 2.175 1116.6601806647013 2.175 1971.1790353055192
2.225 1090.6636486938057 2.225 938.4813084556257 2.225 2022.2304282596053 2.225 1090.6636486938057 2.225 1029.6862866128522 2.225 2050.007681763252 2.225 1090.6636486938057 2.225 1034.4543145625134 2.225 2039.0828742974545 2.225 1090.6636486938057 2.225 1036.548690525429 2.225 2024.4068731517157 2.225 1090.6636486938057 2.225 1055.478630400904 2.225 2011.575437719662
2.275 1123.9237334263773 2.275 968.4308219933379 2.275 2031.673016821742 2.275 1123.9237334263773 2.275 1063.4048774186224 2.275 2031.6563833604819 2.275 1123.9237334263773 2.275 1048.8278622720795 2.275 2022.2193002720303 2.275 1123.9237334263773 2.275 1058.0923979991912 2.275 2007.643098265409 2.275 1123.9237334263773 2.275 1094.6467469275635 2.275 1999.6841058350717
2.325 1048.340268103193 2.325 1008.5879299129659 2.325 2001.2671904863691 2.325 1048.340268103193 2.325 1184.1024735001795 2.325 1988.9243682022543 2.325 1048.340268103193 2.325 1190.6944267819074 2.325 1972.2785673800954 2.325 1048.340268103193 2.325 1201.1617320555831 2.325 1962.0232539694 2.325 1048.340268103193 2.325 1237.9635072044957 2.325 1963.8939223465077
2.375 1064.9954803907522 2.375 981.8354234920151 2.375 1909.406591140838 2.375 1064.9954803907522 2.375 1101.3755497251705 2.375 1913.3206697634953 2.375 1064.9954803907522 2.375 1102.6389753280343 2.375 1900.418459012102 2.375 1064.9954803907522 2.375 1111.220129774696 2.375 1888.0197566143743 2.375 1064.9954803907522 2.375 1155.922487990737 2.375 1878.6745523396357
2.4250000000000003 1030.0110481531667 2.4250000000000003 975.9446372604673 2.4250000000000003 1853.6315120964884 2.4250000000000003 1030.0110481531667 2.4250000000000003 1085.9742801416999 2.4250000000000003 1865.2808199450058 2.4250000000000003 1030.0110481531667 2.4250000000000003 1079.5040215054446 2.4250000000000003 1853.0944177776244 2.4250000000000003 1030.0110481531667 2.4250000000000003 1086.47943425709 2.4250000000000003 1840.8553575492183 2.4250000000000003 1030.0110481531667 2.4250000000000003 1124.6946881664437 2.4250000000000003 1836.4568929858644
2.475 1029.9381625506744 2.475 945.2243110297909 2.475 1780.4647825405018 2.475 1029.9381625506744 2.475 1090.1984164245964 2.475 1803.0997599239677 2.475 1029.9381625506744 2.475 1078.6219496834535 2.475 1785.650933043085 2.475 1029.9381625506744 2.475 1088.9300916305435 2.475 1773.4547693227992 2.475 1029.9381625506744 2.475 1111.608324081274 2.475 1776.5015332002956
2.525 1019.4454106895754 2.525 915.3187789778394 2.525 1781.1578938857342 2.525 1019.4454106895754 2.525 1055.5609807526184 2.525 1790.962537673105 2.525 1019.4454106895754 2.525 1057.5368247540578 2.525 1775.7971740974467 2.525 1019.4454106895754 2.525 1068.7870482529888 2.525 1765.3836288221441 2.525 1019.4454106895754 2.525 1103.9653580122033 2.525 1757.0851590388404
2.575 1032.6022223404248 2.575 947.3371650309657 2.575 1796.7543671245182 2.575 1032.6022223404248 2.575 1077.062672434005 2.575 1798.7571724579811 2.575 1032.6022223404248 2.575 1076.8359012617534 2.575 1789.2752325894173 2.575 1032.6022223404248 2.575 1089.5637898852033 2.575 1775.7798634868582 2.575 1032.6022223404248 2.575 1112.1463867508764 2.575 1771.921054659119
2.625 1057.6627670149803 2.625 947.5430222870763 2.625 1838.366239637226 2.625 1057.6627670149803 2.625 1053.7459948453986 2.625 1867.8582480523105 2.625 1057.6627670149803 2.625 1047.6722609159008 2.625 1853.6271523817504 2.625 1057.6627670149803 2.625 1067.8366641704624 2.625 1834.982481493245 2.625 1057.6627670149803 2.625 1095.1344366507087 2.625 1819.2975573230676
2.6750000000000003 1050.8349626809568 2.6750000000000003 915.2734114294374 2.6750000000000003 1851.0125849468436 2.6750000000000003 1050.8349626809568 2.6750000000000003 1052.4353578117523 2.6750000000000003 1884.6573500689885 2.6750000000000003 1050.8349626809568 2.6750000000000003 1059.1521576439407 2.6750000000000003 1865.8803218456776 2.6750000000000003 1050.8349626809568 2.6750000000000003 1080.301009353822 2.6750000000000003 1853.7714821973364 2.6750000000000003 1050.8349626809568 2.6750000000000003 1109.8300685350148 2.6750000000000003 1833.646190466731
2.725 1049.9066153477972 2.725 933.3043538391485 2.725 1871.8433095934263 2.725 1049.9066153477972 2.725 1037.3113268072923 2.725 1906.253968479636 2.725 1049.9066153477972 2.725 1042.3415487467362 2.725 1886.8961792715056 2.725 1049.9066153477972 2.725 1057.0177324446754 2.725 1875.4754133612782 2.725 1049.9066153477972 2.725 1079.2910597146304 2.725 1860.5484982944647
2.775 1022.500377504652 2.775 983.2576213678823 2.775 1771.8083338969884 2.775 1022.500377504652 2.775 1068.7858772924014 2.775 1806.4632472347666 2.775 1022.500377504652 2.775 1079.7189383051962 2.775 1788.2453044016547 2.775 1022.500377504652 2.775 1099.447725832876 2.775 1776.1717349237763 2.775 1022.500377504652 2.775 1142.7393431121104 2.775 1761.9103380708395
2.825 1052.19680500501 2.825 930.998441336759 2.825 1791.5089863642977 2.825 1052.19680500501 2.825 1039.9921344237493 2.825 1829.1711567873454 2.825 1052.19680500501 2.825 1048.320588991413 2.825 1818.070694753093 2.825 1052.19680500501 2.825 1054.9030864851425 2.825 1807.938653776526 2.825 1052.19680500501 2.825 1099.0764897996537 2.825 1792.8272492011818
2.875 1029.978407453656 2.875 947.6070899260943 2.875 1759.7176068751764 2.875 1029.978407453656 2.875 1136.180029849921 2.875 1778.1805190043115 2.875 1029.978407453656 2.875 1133.7154396084825 2.875 1765.6402836430818 2.875 1029.978407453656 2.875 1147.3124892324197 2.875 1749.17985787131 2.875 1029.978407453656 2.875 1174.383592544313 2.875 1738.4273032067565
2.9250000000000003 1029.1995312847885 2.9250000000000003 919.1572512022841 2.9250000000000003 1827.9010499876804 2.9250000000000003 1029.1995312847885 2.9250000000000003 1038.570859508614 2.9250000000000003 1836.318055901556 2.9250000000000003 1029.1995312847885 2.9250000000000003 1045.788104820007 2.9250000000000003 1818.4570301735369 2.9250000000000003 1029.1995312847885 2.9250000000000003 1064.3947112259182 2.9250000000000003 1811.7052788979763 2.9250000000000003 1029.1995312847885 2.9250000000000003 1118.5111093527507 2.9250000000000003 1799.2923453442977
2.975 1014.6086283733742 2.975 889.6036025963075 2.975 1732.002557037253 2.975 1014.6086283733742 2.975 994.4594187091144 2.975 1765.507820927162 2.975 1014.6086283733742 2.975 1000.6260359119394 2.975 1753.8518903022643 2.975 1014.6086283733742 2.975 1016.4895434807693 2.975 1744.5904457991012 2.975 1014.6086283733742 2.975 1057.8245690345752 2.975 1727.0663812325793
3.025 999.2338437123514 3.025 843.1406238476815 3.025 1723.402982595851 3.025 999.2338437123514 3.025 969.5599887021978 3.025 1727.2182182252916 3.025 999.2338437123514 3.025 964.267826468071 3.025 1716.9052251519192 3.025 999.2338437123514 3.025 970.3542547883804 3.025 1709.554041283551 3.025 999.2338437123514 3.025 974.638104443305 3.025 1723.2150075316413
3.075 996.5062522191855 3.075 839.4263051565259 3.075 1738.5439470104213 3.075 996.5062522191855 3.075 938.7627241734998 3.075 1758.6859907362846 3.075 996.5062522191855 3.075 936.8028048478075 3.075 1743.9433067248012 3.075 996.5062522191855 3.075 948.2136347538401 3.075 1734.7693892327288 3.075 996.5062522191855 3.075 979.6917149953349 3.075 1730.4476776391264
3.125 976.3895703982804 3.125 860.9628328625266 3.125 1722.3834933060837 3.125 976.3895703982804 3.125 975.1481580590822 3.125 1726.4071619128154 3.125 976.3895703982804 3.125 981.6634938858579 3.125 1716.5148076274131 3.125 976.3895703982804 3.125 992.0233211905373 3.125 1705.0099024575577 3.125 976.3895703982804 3.125 1014.291816754238 3.125 1696.03028748873
3.1750000000000003 985.0796587359998 3.1750000000000003 904.4712770091156 3.1750000000000003 1762.1260159990843 3.1750000000000003 985.0796587359998 3.1750000000000003 1036.4892084450673 3.1750000000000003 1799.794562141133 3.1750000000000003 985.0796587359998 3.1750000000000003 1050.5076622051888 3.1750000000000003 1787.7544585428031 3.1750000000000003 985.0796587359998 3.1750000000000003 1065.4450572089136 3.1750000000000003 1776.1920280938946 3.1750000000000003 985.0796587359998 3.1750000000000003 1101.0556290772765 3.1750000000000003 1768.222636725533
3.225 985.4461108495138 3.225 865.0225947649835 3.225 1762.843735645318 3.225 985.4461108495138 3.225 1000.9840276428987 3.225 1761.40829219614 3.225 985.4461108495138 3.225 997.5614439313474 3.225 1748.8975323575835 3.225 985.4461108495138 3.225 1008.6518956144744 3.225 1745.3697959897397 3.225 985.4461108495138 3.225 1055.375368108728 3.225 1735.9619079997224
3.275 934.3351718365947 3.275 919.8464517386029 3.275 1700.2438358170962 3.275 934.3351718365947 3.275 1038.5293124735576 3.275 1729.6905674700392 3.275 934.3351718365947 3.275 1062.7366176004862 3.275 1717.4247842002749 3.275 934.3351718365947 3.275 1075.582229935318 3.275 1707.5384029969687 3.275 934.3351718365947 3.275 1107.6941012025432 3.275 1693.4985256374869
3.325 965.8157440872566 3.325 893.2021572906596 3.325 1717.4837108899005 3.325 965.8157440872566 3.325 1035.2114137781248 3.325 1747.1393578209643 3.325 965.8157440872566 3.325 1048.8510279097454 3.325 1731.5666424088074 3.325 965.8157440872566 3.325 1065.0285365141935 3.325 1718.7318625816692 3.325 965.8157440872566 3.325 1097.4684084938456 3.325 1710.6673617968927
3.375 985.7030628055959 3.375 885.3032761495305 3.375 1636.2855947158716 3.375 985.7030628055959 3.375 1045.6183590905682 3.375 1656.7504060654237 3.375 985.7030628055959 3.375 1051.3667116657393 3.375 1642.467919366875 3.375 985.7030628055959 3.375 1063.925051326026 3.375 1635.6371786396678 3.375 985.7030628055959 3.375 1097.862604451283 3.375 1629.5772119166065
3.4250000000000003 982.718122836521 3.4250000000000003 903.977710774306 3.4250000000000003 1678.297533693288 3.4250000000000003 982.718122836521 3.4250000000000003 999.5712471251971 3.4250000000000003 1703.6692363366994 3.4250000000000003 982.718122836521 3.4250000000000003 996.5550524731354 3.4250000000000003 1692.8164547681836 3.4250000000000003 982.718122836521 3.4250000000000003 1014.3250594087485 3.4250000000000003 1681.1698512758223 3.4250000000000003 982.718122836521 3.4250000000000003 1031.6948923488264 3.4250000000000003 1677.0720301631145
3.475 981.3462629516571 3.475 867.6194122814862 3.475 1628.057301915296 3.475 981.3462629516571 3.475 981.0487239080879 3.475 1641.9450205762691 3.475 981.3462629516571 3.475 979.5149521113085 3.475 1634.9316788256142 3.475 981.3462629516571 3.475 991.4727441152704 3.475 1623.423244949622 3.475 981.3462629516571 3.475 1019.046958464008 3.475 1626.725749932822
3.525 1041.0448249687533 3.525 870.7457552422865 3.525 1621.7652511655106 3.525 1041.0448249687533 3.525 1013.8943118022644 3.525 1633.7121004583914 3.525 1041.0448249687533 3.525 1010.7970352494259 3.525 1621.9472834965657 3.525 1041.0448249687533 3.525 1027.6607356912434 3.525 1607.2240172200602 3.525 1041.0448249687533 3.525 1043.5177395984056 3.525 1604.2919993009928
3.575 994.3665967977622 3.575 955.6309142043021 3.575 1690.4240956827728 3.575 994.3665967977622 3.575 1086.8953747903636 3.575 1709.0935166927754 3.575 994.3665967977622 3.575 1099.492144908102 3.575 1698.162434246801 3.575 994.3665967977622 3.575 1109.743757411209 3.575 1686.3112811142364 3.575 994.3665967977622 3.575 1136.921304068428 3.575 1675.095214819984
3.625 1019.6342956896564 3.625 872.9434795850506 3.625 1667.0603471824309 3.625 1019.6342956896564 3.625 996.2829891983059 3.625 1687.8977843062455 3.625 1019.6342956896564 3.625 985.6183628058648 3.625 1675.2833476216854 3.625 1019.6342956896564 3.625 998.9330835606071 3.625 1661.8349703996978 3.625 1019.6342956896564 3.625 1038.8333387516238 3.625 1650.6469731248442
3.6750000000000003 973.0135980259846 3.6750000000000003 875.8759812754844 3.6750000000000003 1683.7637221534385 3.6750000000000003 973.0135980259846 3.6750000000000003 1020.8385696416607 3.6750000000000003 1718.2758113732236 3.6750000000000003 973.0135980259846 3.6750000000000003 1013.5847650157134 3.6750000000000003 1703.2532727232829 3.6750000000000003 973.0135980259846 3.6750000000000003 1028.8412141565252 3.6750000000000003 1692.074498091244 3.6750000000000003 973.0135980259846 3.6750000000000003 1048.823703621027 3.6750000000000003 1673.4444376103058
3.725 1010.4227787222383 3.725 927.9087553377284 3.725 1704.9095375001293 3.725 1010.4227787222383 3.725 1066.649514430365 3.725 1737.0200045264676 3.725 1010.4227787222383 3.725 1062.3838042624839 3.725 1722.9758353285183 3.725 1010.4227787222383 3.725 1085.1066789215988 3.725 1706.9869495744797 3.725 1010.4227787222383 3.725 1127.0476764337568 3.725 1689.5639332127478
3.775 1017.8978591134182 3.775 974.3477582402533 3.775 1715.0636935748646 3.775 1017.8978591134182 3.775 1111.4082375740634 3.775 1748.3410093367706 3.775 1017.8978591134182 3.775 1108.2027306954647 3.775 1733.1836793634282 3.775 1017.8978591134182 3.775 1129.842763304831 3.775 1721.7694190370753 3.775 1017.8978591134182 3.775 1164.8392890044913 3.775 1711.6781431157322
3.825 1044.8948482322678 3.825 956.1866434792142 3.825 1722.4749522591885 3.825 1044.8948482322678 3.825 1091.729679753891 3.825 1719.7638100545264 3.825 1044.8948482322678 3.825 1094.2698300864888 3.825 1711.4874468319797 3.825 1044.8948482322678 3.825 1113.4592287046783 3.825 1698.1963917935693 3.825 1044.8948482322678 3.825 1125.35055660633 3.825 1682.9696067084208
3.875 1040.0419721564513 3.875 920.558610850668 3.875 1698.1380424042677 3.875 1040.0419721564513 3.875 1041.445541146962 3.875 1715.8416208824092 3.875 1040.0419721564513 3.875 1048.5613400239756 3.875 1705.8303288284194 3.875 1040.0419721564513 3.875 1058.9127180184516 3.875 1695.8383743545096 3.875 1040.0419721564513 3.875 1067.2828317477947 3.875 1686.217663141734
3.9250000000000003 1051.9023459815203 3.9250000000000003 862.6600395573658 3.9250000000000003 1703.469180031017 3.9250000000000003 1051.9023459815203 3.9250000000000003 1009.7250877997604 3.9250000000000003 1709.7179528784534 3.9250000000000003 1051.9023459815203 3.9250000000000003 1025.3292208803196 3.9250000000000003 1695.545192716473 3.9250000000000003 1051.9023459815203 3.9250000000000003 1032.7556267998034 3.9250000000000003 1685.6247187862768 3.9250000000000003 1051.9023459815203 3.9250000000000003 1058.6722320948331 3.9250000000000003 1673.1965757436315
3.975 1057.7515646481304 3.975 906.1252736972501 3.975 1728.9251693458177 3.975 1057.7515646481304 3.975 1037.7276561829733 3.975 1755.9490249810165 3.975 1057.7515646481304 3.975 1043.1379579109328 3.975 1747.8126097138775 3.975 1057.7515646481304 3.975 1063.243292659072 3.975 1730.2735513945006 3.975 1057.7515646481304 3.975 1087.8461243698328 3.975 1712.3148397191167
4.025 1067.7075954180625 4.025 925.5090892538996 4.025 1735.6902573717257 4.025 1067.7075954180625 4.025 1075.9635255648702 4.025 1746.417368611127 4.025 1067.7075954180625 4.025 1077.6908676752714 4.025 1735.15749950326 4.025 1067.7075954180625 4.025 1078.261314640178 4.025 1721.2313118376562 4.025 1067.7075954180625 4.025 1089.7772068134666 4.025 1708.336801610284
4.075 1074.6170957478016 4.075 901.1000213972117 4.075 1799.8769380770084 4.075 1074.6170957478016 4.075 1049.6043381468417 4.075 1822.5513745346493 4.075 1074.6170957478016 4.075 1046.8554615091803 4.075 1808.5664737717136 4.075 1074.6170957478016 4.075 1054.8955450938984 4.075 1797.3542654222147 4.075 1074.6170957478016 4.075 1086.5061649719357 4.075 1779.3513361451085
4.125000000000001 1044.450917338015 4.125000000000001 865.5417198461108 4.125000000000001 1739.029723474141 4.125000000000001 1044.450917338015 4.125000000000001 967.2438056772359 4.125000000000001 1777.6386653493282 4.125000000000001 1044.450917338015 4.125000000000001 975.0411044143638 4.125000000000001 1761.1021650918883 4.125000000000001 1044.450917338015 4.125000000000001 991.9818048174872 4.125000000000001 1750.8798551444963 4.125000000000001 1044.450917338015 4.125000000000001 1038.426644185851 4.125000000000001 1744.391948564618
4.175000000000001 1082.0188359321244 4.175000000000001 897.1954163262535 4.175000000000001 1737.7522572883076 4.175000000000001 1082.0188359321244 4.175000000000001 1020.7701391019457 4.175000000000001 1765.740261101425 4.175000000000001 1082.0188359321244 4.175000000000001 1036.3597132695522 4.175000000000001 1751.83909565414 4.175000000000001 1082.0188359321244 4.175000000000001 1058.0188733744023 4.175000000000001 1732.1357861558854 4.175000000000001 1082.0188359321244 4.175000000000001 1097.7715401219793 4.175000000000001 1719.254525975016
4.2250000000000005 1046.7102671882565 4.2250000000000005 896.3428847640134 4.2250000000000005 1805.865517661557 4.2250000000000005 1046.7102671882565 4.2250000000000005 1035.8834507081558 4.2250000000000005 1803.85687870818 4.2250000000000005 1046.7102671882565 4.2250000000000005 1036.4806682294166 4.2250000000000005 1789.8694344944552 4.2250000000000005 1046.7102671882565 4.2250000000000005 1059.8398387166737 4.2250000000000005 1771.1872384743845 4.2250000000000005 1046.7102671882565 4.2250000000000005 1103.2607429646719 4.2250000000000005 1748.7112608974999
4.275 1082.2931788554963 4.275 922.1569505391207 4.275 1835.4813606895593 4.275 1082.2931788554963 4.275 1095.079977875271 4.275 1870.224225626367 4.275 1082.2931788554963 4.275 1097.7672750356737 4.275 1857.0170861465715 4.275 1082.2931788554963 4.275 1114.0322477528389 4.275 1844.2332512954429 4.275 1082.2931788554963 4.275 1154.5495019545656 4.275 1827.7271166044623
4.325 1071.6062369089223 4.325 978.6668360371698 4.325 1683.509052239326 4.325 1071.6062369089223 4.325 1162.1905312365216 4.325 1716.1604418825132 4.325 1071.6062369089223 4.325 1172.7018516569376 4.325 1695.8149443101186 4.325 1071.6062369089223 4.325 1200.6652210291884 4.325 1678.5967847530014 4.325 1071.6062369089223 4.325 1236.9960344156561 4.325 1673.9526951120217
4.375000000000001 1107.7540864588516 4.375000000000001 1002.5238943486435 4.375000000000001 1775.7698507692317 4.375000000000001 1107.7540864588516 4.375000000000001 1164.5951191293707 4.375000000000001 1801.8986398246934 4.375000000000001 1107.7540864588516 4.375000000000001 1173.374083193689 4.375000000000001 1783.7178824553696 4.375000000000001 1107.7540864588516 4.375000000000001 1195.2517787246056 4.375000000000001 1773.4332045687574 4.375000000000001 1107.7540864588516 4.375000000000001 1241.7964121761427 4.375000000000001 1754.3069339783021
4.425000000000001 1055.2404162739526 4.425000000000001 966.1197287784772 4.425000000000001 1765.4713412023334 4.425000000000001 1055.2404162739526 4.425000000000001 1080.67004889308 4.425000000000001 1771.7922857214928 4.425000000000001 1055.2404162739526 4.425000000000001 1100.6418745789072 4.425000000000001 1752.181496165513 4.425000000000001 1055.2404162739526 4.425000000000001 1121.912474429016 4.425000000000001 1739.6688169479148 4.425000000000001 1055.2404162739526 4.425000000000001 1155.2715800467727 4.425000000000001 1735.6292738998297
4.4750000000000005 1077.3356422828354 4.4750000000000005 925.5642852757626 4.4750000000000005 1792.002442315928 4.4750000000000005 1077.3356422828354 4.4750000000000005 1088.7199149794978 4.4750000000000005 1802.8642732625938 4.4750000000000005 1077.3356422828354 4.4750000000000005 1102.5438751716458 4.4750000000000005 1783.850863692012 4.4750000000000005 1077.3356422828354 4.4750000000000005 1120.7139263856636 4.4750000000000005 1768.7030588115733 4.4750000000000005 1077.3356422828354 4.4750000000000005 1142.3842419979653 4.4750000000000005 1751.8212007179643
4.525 1092.9723267952031 4.525 898.1136119652166 4.525 1805.7171519556393 4.525 1092.9723267952031 4.525 1075.8990400405812 4.525 1811.9099061773668 4.525 1092.9723267952031 4.525 1075.3619533887738 4.525 1795.69470638174 4.525 1092.9723267952031 4.525 1095.400130953546 4.525 1781.071398567603 4.525 1092.9723267952031 4.525 1122.2124968037026 4.525 1766.7160213654915
4.575 1138.870955226478 4.575 929.9639169094022 4.575 1917.5082076100762 4.575 1138.870955226478 4.575 1080.316693372788 4.575 1934.6526231063683 4.575 1138.870955226478 4.575 1092.435492662144 4.575 1915.9034894583394 4.575 1138.870955226478 4.575 1111.404171933612 4.575 1900.6079564570377 4.575 1138.870955226478 4.575 1147.8629978161503 4.575 1880.697181947592
4.625000000000001 1075.3294746414429 4.625000000000001 967.057481638204 4.625000000000001 1863.1070945917386 4.625000000000001 1075.3294746414429 4.625000000000001 1116.509415562149 4.625000000000001 1858.9562164693984 4.625000000000001 1075.3294746414429 4.625000000000001 1118.9820959317544 4.625000000000001 1844.0339643060172 4.625000000000001 1075.3294746414429 4.625000000000001 1135.3857553782036 4.625000000000001 1827.6709904425281 4.625000000000001 1075.3294746414429 4.625000000000001 1142.1772973262885 4.625000000000001 1819.2259809572201
4.675000000000001 1100.6339188767536 4.675000000000001 1000.0961487039361 4.675000000000001 1899.9222992473865 4.675000000000001 1100.6339188767536 4.675000000000001 1099.275117616641 4.675000000000001 1924.6370710942222 4.675000000000001 1100.6339188767536 4.675000000000001 1097.7979885303366 4.675000000000001 1911.3361630786887 4.675000000000001 1100.6339188767536 4.675000000000001 1114.9667430578322 4.675000000000001 1901.268824393423 4.675000000000001 1100.6339188767536 4.675000000000001 1154.929629205839 4.675000000000001 1890.6644038622765
4.7250000000000005 1092.542162953738 4.7250000000000005 1037.1950077679692 4.7250000000000005 1875.1841260524272 4.7250000000000005 1092.542162953738 4.7250000000000005 1170.1343428472856 4.7250000000000005 1881.0495730784783 4.7250000000000005 1092.542162953738 4.7250000000000005 1180.7328463843487 4.7250000000000005 1864.070046841174 4.7250000000000005 1092.542162953738 4.7250000000000005 1211.423098869955 4.7250000000000005 1845.4474219708682 4.7250000000000005 1092.542162953738 4.7250000000000005 1232.26719071149 4.7250000000000005 1839.3138351409334
4.775 1157.6772515226846 4.775 1058.198790453181 4.775 1912.9045114353667 4.775 1157.6772515226846 4.775 1149.7314823789272 4.775 1936.2748567388076 4.775 1157.6772515226846 4.775 1162.1431437123304 4.775 1920.7620181748025 4.775 1157.6772515226846 4.775 1186.9167234395823 4.775 1900.2523043223312 4.775 1157.6772515226846 4.775 1221.617837896083 4.775 1884.7092838128135
4.825000000000001 1074.7152227579325 4.825000000000001 1022.4898526656725 4.825000000000001 1876.8267952703018 4.825000000000001 1074.7152227579325 4.825000000000001 1156.5748576288427 4.825000000000001 1894.302220817727 4.825000000000001 1074.7152227579325 4.825000000000001 1168.7831873049213 4.825000000000001 1879.1975243146458 4.825000000000001 1074.7152227579325 4.825000000000001 1186.4630527601194 4.825000000000001 1863.566252580517 4.825000000000001 1074.7152227579325 4.825000000000001 1209.6095084597732 4.825000000000001 1851.8036111107028
4.875000000000001 1180.558343710102 4.875000000000001 1013.829424219516 4.875000000000001 1967.8952235819554 4.875000000000001 1180.558343710102 4.875000000000001 1195.4410104341478 4.875000000000001 1973.0758144930687 4.875000000000001 1180.558343710102 4.875000000000001 1209.3376099271106 4.875000000000001 1954.1289031546871 4.875000000000001 1180.558343710102 4.875000000000001 1242.8628301382803 4.875000000000001 1939.2171382789916 4.875000000000001 1180.558343710102 4.875000000000001 1265.808642032188 4.875000000000001 1929.4375863247155
4.925000000000001 1174.4639970735443 4.925000000000001 1015.169147867735 4.925000000000001 1909.7332241843992 4.925000000000001 1174.4639970735443 4.925000000000001 1185.2049027156718 4.925000000000001 1927.0738951759188 4.925000000000001 1174.4639970735443 4.925000000000001 1191.4821853473986 4.925000000000001 1903.699448061175 4.925000000000001 1174.4639970735443 4.925000000000001 1225.702439670298 4.925000000000001 1886.6818265276163 4.925000000000001 1174.4639970735443 4.925000000000001 1253.22814300887 4.925000000000001 1878.4848381282786
4.9750000000000005 1225.7459905301998 4.9750000000000005 974.2232777174785 4.9750000000000005 1749.744334755992 4.9750000000000005 1225.7459905301998 4.9750000000000005 1128.4843753739094 4.9750000000000005 1777.397241517517 4.9750000000000005 1225.7459905301998 4.9750000000000005 1129.1848998443274 4.9750000000000005 1758.5682338086015 4.9750000000000005 1225.7459905301998 4.9750000000000005 1155.0305499125986 4.9750000000000005 1743.013281320335 4.9750000000000005 1225.7459905301998 4.9750000000000005 1183.9172561357038 4.9750000000000005 1732.0434574101862
