PRE_x_5_sig_First_SNC PRE_y_5_sig_First_SNC PRE_x_7.5_sig_Per_SNC PRE_y_7.5_sig_Per_SNC PRE_x_10_sig_Per_SNC PRE_y_10_sig_Per_SNC PRE_x_12.5_sig_Per_SNC PRE_y_12.5_sig_Per_SNC PRE_x_15_sig_Per_SNC PRE_y_15_sig_Per_SNC BRN_x_5_sig_First_SNC BRN_y_5_sig_First_SNC BRN_x_7.5_sig_Per_SNC BRN_y_7.5_sig_Per_SNC BRN_x_10_sig_Per_SNC BRN_y_10_sig_Per_SNC BRN_x_12.5_sig_Per_SNC BRN_y_12.5_sig_Per_SNC BRN_x_15_sig_Per_SNC BRN_y_15_sig_Per_SNC PST_x_5_sig_First_SNC PST_y_5_sig_First_SNC PST_x_7.5_sig_Per_SNC PST_y_7.5_sig_Per_SNC PST_x_10_sig_Per_SNC PST_y_10_sig_Per_SNC PST_x_12.5_sig_Per_SNC PST_y_12.5_sig_Per_SNC PST_x_15_sig_Per_SNC PST_y_15_sig_Per_SNC
0.024999999999999994 19939.253954346204 0.024999999999999994 19939.253954346204 0.024999999999999994 19939.253954346204 0.024999999999999994 19939.253954346204 0.024999999999999994 19939.253954346204 0.024999999999999994 29170.087986994855 0.024999999999999994 25948.6764602682 0.024999999999999994 25447.111039577143 0.024999999999999994 25274.866640037224 0.024999999999999994 25608.265825346843 0.024999999999999994 42121.16668655365 0.024999999999999994 37751.63716246205 0.024999999999999994 37485.28897694057 0.024999999999999994 37286.8314575228 0.024999999999999994 37363.23806938897
0.075 5585.181166487617 0.075 5585.181166487617 0.075 5585.181166487617 0.075 5585.181166487617 0.075 5585.181166487617 0.075 4398.166632107285 0.075 4463.8285049594115 0.075 4424.359045295334 0.075 4478.0259306506605 0.075 4555.660441396006 0.075 8639.937123816546 0.075 8290.857631974402 0.075 8220.394015422158 0.075 8170.907249481421 0.075 8185.6302942478505
0.125 3784.594398409143 0.125 3784.594398409143 0.125 3784.594398409143 0.125 3784.594398409143 0.125 3784.594398409143 0.125 3236.6429815992738 0.125 3428.4177477505677 0.125 3392.6121911206724 0.125 3411.905899473365 0.125 3467.0176236149164 0.125 7036.4516714360025 0.125 6809.099905854721 0.125 6750.017006496071 0.125 6711.230379845831 0.125 6712.855658911371
0.17500000000000002 3101.9574699159402 0.17500000000000002 3101.9574699159402 0.17500000000000002 3101.9574699159402 0.17500000000000002 3101.9574699159402 0.17500000000000002 3101.9574699159402 0.17500000000000002 2676.36646433399 0.17500000000000002 2743.919338748824 0.17500000000000002 2715.4240560712833 0.17500000000000002 2732.552909118913 0.17500000000000002 2760.8394383204813 0.17500000000000002 6015.705066088871 0.17500000000000002 5921.9410518892955 0.17500000000000002 5874.130564612774 0.17500000000000002 5844.034675249224 0.17500000000000002 5839.300290717707
0.225 2735.6238529699276 0.225 2735.6238529699276 0.225 2735.6238529699276 0.225 2735.6238529699276 0.225 2735.6238529699276 0.225 2345.0994619985363 0.225 2490.007361876839 0.225 2474.580201510964 0.225 2488.203202917609 0.225 2527.05918839949 0.225 4603.765325834627 0.225 4474.161592421041 0.225 4428.109866676316 0.225 4399.448186422407 0.225 4401.622552012417
0.275 2495.430374092803 0.275 2495.430374092803 0.275 2495.430374092803 0.275 2495.430374092803 0.275 2495.430374092803 0.275 2128.205361662169 0.275 2265.454930442275 0.275 2258.471184145097 0.275 2275.4055226445507 0.275 2304.442470728573 0.275 4190.552568494795 0.275 4073.5997477211577 0.275 4037.482090899001 0.275 4006.3698647607393 0.275 4007.2338776923943
0.32500000000000007 2452.9552440668986 0.32500000000000007 2452.9552440668986 0.32500000000000007 2452.9552440668986 0.32500000000000007 2452.9552440668986 0.32500000000000007 2452.9552440668986 0.32500000000000007 2117.586002626392 0.32500000000000007 2247.7102861051367 0.32500000000000007 2162.0777616550895 0.32500000000000007 2166.3099310887965 0.32500000000000007 2187.575854814334 0.32500000000000007 3867.9640104460773 0.32500000000000007 3764.300691752087 0.32500000000000007 3735.97454436494 0.32500000000000007 3719.09749497538 0.32500000000000007 3721.5303127307525
0.375 2401.806698061712 0.375 2401.806698061712 0.375 2401.806698061712 0.375 2401.806698061712 0.375 2401.806698061712 0.375 2128.764256254035 0.375 2307.3793545960916 0.375 2256.026333387687 0.375 2265.7587948838127 0.375 2269.0027536103303 0.375 3875.836767419818 0.375 3633.615461723615 0.375 3593.694199151088 0.375 3579.2807222198335 0.375 3589.372575534455
0.42500000000000004 2199.1598647239057 0.42500000000000004 2199.1598647239057 0.42500000000000004 2199.1598647239057 0.42500000000000004 2199.1598647239057 0.42500000000000004 2199.1598647239057 0.42500000000000004 1916.6439397683653 0.42500000000000004 2039.3559680506944 0.42500000000000004 2027.333194360372 0.42500000000000004 2029.7150758766677 0.42500000000000004 2049.129165709824 0.42500000000000004 3716.5017119054974 0.42500000000000004 3495.0994365868273 0.42500000000000004 3450.3476267976216 0.42500000000000004 3428.71762969994 0.42500000000000004 3436.1830209086643
0.475 2170.2264386600727 0.475 2170.2264386600727 0.475 2170.2264386600727 0.475 2170.2264386600727 0.475 2170.2264386600727 0.475 1945.4001616939497 0.475 2079.3839757192823 0.475 2055.552044327417 0.475 2051.7547123805725 0.475 2088.312962654931 0.475 3375.798759646756 0.475 3198.3367046598937 0.475 3161.4596327968816 0.475 3151.686570796696 0.475 3159.0057552141034
0.525 2139.1637963036883 0.525 2139.1637963036883 0.525 2139.1637963036883 0.525 2139.1637963036883 0.525 2139.1637963036883 0.525 1858.8785269808347 0.525 2124.153992563717 0.525 2104.6903297880767 0.525 2105.9850131585818 0.525 2143.779686683401 0.525 3368.1459914806633 0.525 3257.4373140029384 0.525 3226.9745577676995 0.525 3211.9573870431723 0.525 3224.160467307287
0.5750000000000001 2013.7097618844891 0.5750000000000001 2013.7097618844891 0.5750000000000001 2013.7097618844891 0.5750000000000001 2013.7097618844891 0.5750000000000001 2013.7097618844891 0.5750000000000001 1826.4168182806618 0.5750000000000001 1943.672295055643 0.5750000000000001 1927.2764655864771 0.5750000000000001 1938.9277744575427 0.5750000000000001 1969.566227378839 0.5750000000000001 3177.8193256057757 0.5750000000000001 3007.9074200196305 0.5750000000000001 2979.5827059177604 0.5750000000000001 2964.2661764434424 0.5750000000000001 2967.463178290383
0.6250000000000001 1887.650732545863 0.6250000000000001 1887.650732545863 0.6250000000000001 1887.650732545863 0.6250000000000001 1887.650732545863 0.6250000000000001 1887.650732545863 0.6250000000000001 1793.5848917050637 0.6250000000000001 1969.6388334655337 0.6250000000000001 1915.1818976147422 0.6250000000000001 1917.7039893524786 0.6250000000000001 1947.45240032498 0.6250000000000001 3249.176372335323 0.6250000000000001 2949.4552796669354 0.6250000000000001 2922.946448616669 0.6250000000000001 2907.4490907421186 0.6250000000000001 2911.102730929708
0.675 1793.629623456326 0.675 1793.629623456326 0.675 1793.629623456326 0.675 1793.629623456326 0.675 1793.629623456326 0.675 1876.4083891258667 0.675 1988.9755263691732 0.675 1949.8292670341443 0.675 1967.7984589364203 0.675 2004.2689006743292 0.675 3091.1302118555914 0.675 2981.217727262849 0.675 2955.013875541406 0.675 2935.470151049945 0.675 2938.717547452658
0.7250000000000001 1742.8538719123412 0.7250000000000001 1742.8538719123412 0.7250000000000001 1742.8538719123412 0.7250000000000001 1742.8538719123412 0.7250000000000001 1742.8538719123412 0.7250000000000001 1755.3365483675914 0.7250000000000001 1831.6534541474605 0.7250000000000001 1808.9382291204126 0.7250000000000001 1822.4368696909055 0.7250000000000001 1843.0382169152688 0.7250000000000001 3099.648792039857 0.7250000000000001 2932.6100657411134 0.7250000000000001 2909.1351088762203 0.7250000000000001 2890.893502043448 0.7250000000000001 2893.602949303206
0.775 1726.983898799024 0.775 1726.983898799024 0.775 1726.983898799024 0.775 1726.983898799024 0.775 1726.983898799024 0.775 1812.7132099072385 0.775 1864.6387565466302 0.775 1849.7764040108193 0.775 1856.452871151443 0.775 1898.4033281640886 0.775 2840.5880978509244 0.775 2749.6760953877074 0.775 2719.949095914537 0.775 2703.6669427973256 0.775 2707.874061669418
0.8250000000000001 1745.6304489421013 0.8250000000000001 1745.6304489421013 0.8250000000000001 1745.6304489421013 0.8250000000000001 1745.6304489421013 0.8250000000000001 1745.6304489421013 0.8250000000000001 1794.0284565934796 0.8250000000000001 1856.7107612250043 0.8250000000000001 1850.7553796863715 0.8250000000000001 1858.8416140617178 0.8250000000000001 1915.8310095768575 0.8250000000000001 2746.178106772478 0.8250000000000001 2680.3169599633334 0.8250000000000001 2659.888016332822 0.8250000000000001 2641.4253764732016 0.8250000000000001 2644.2086895995926
0.8750000000000001 1706.570197047026 0.8750000000000001 1706.570197047026 0.8750000000000001 1706.570197047026 0.8750000000000001 1706.570197047026 0.8750000000000001 1706.570197047026 0.8750000000000001 1753.6498236408843 0.8750000000000001 1821.278376218824 0.8750000000000001 1799.7439375890765 0.8750000000000001 1813.5534320404486 0.8750000000000001 1846.7810073199214 0.8750000000000001 2820.8382983300444 0.8750000000000001 2702.3390369206504 0.8750000000000001 2681.149126705754 0.8750000000000001 2666.0575790116263 0.8750000000000001 2672.760284032052
0.925 1625.5978780447272 0.925 1625.5978780447272 0.925 1625.5978780447272 0.925 1625.5978780447272 0.925 1625.5978780447272 0.925 1864.6014527466982 0.925 1995.9325747946682 0.925 1985.4769586499367 0.925 2001.8156056330315 0.925 2041.1371940832778 0.925 2849.3759022333497 0.925 2749.2430290378693 0.925 2728.9460749806854 0.925 2712.9098212449658 0.925 2712.926307324159
0.9750000000000001 1697.3672755591094 0.9750000000000001 1697.3672755591094 0.9750000000000001 1697.3672755591094 0.9750000000000001 1697.3672755591094 0.9750000000000001 1697.3672755591094 0.9750000000000001 1763.5045461581074 0.9750000000000001 1863.8653054547065 0.9750000000000001 1844.871969962056 0.9750000000000001 1860.0599252540774 0.9750000000000001 1897.075990282783 0.9750000000000001 2600.6977161842537 0.9750000000000001 2533.8439544516586 0.9750000000000001 2516.574074653568 0.9750000000000001 2504.586455463383 0.9750000000000001 2510.230866437906
1.025 1641.6516628504178 1.025 1641.6516628504178 1.025 1641.6516628504178 1.025 1641.6516628504178 1.025 1641.6516628504178 1.025 1730.5330071475998 1.025 1870.362995134325 1.025 1842.9069200731642 1.025 1857.0978842916431 1.025 1888.5222099035684 1.025 2725.311055706307 1.025 2644.8599116004475 1.025 2623.2099333397837 1.025 2605.877516338441 1.025 2612.610361048345
1.075 1597.099260390779 1.075 1597.099260390779 1.075 1597.099260390779 1.075 1597.099260390779 1.075 1597.099260390779 1.075 1675.4842372110643 1.075 1830.7406658365392 1.075 1812.243645851732 1.075 1815.3836531056 1.075 1858.2597153577017 1.075 2517.220774432733 1.075 2449.883815771306 1.075 2426.845903944877 1.075 2416.3053582442567 1.075 2424.4116469220353
1.125 1727.6287401571979 1.125 1727.6287401571979 1.125 1727.6287401571979 1.125 1727.6287401571979 1.125 1727.6287401571979 1.125 1647.7104279312243 1.125 1736.3585440937745 1.125 1723.3074800965896 1.125 1731.036951306567 1.125 1765.0291282301266 1.125 2460.0588216321994 1.125 2365.360505859728 1.125 2346.750437336772 1.125 2340.23449242418 1.125 2347.063387050095
1.175 1549.335508687711 1.175 1549.335508687711 1.175 1549.335508687711 1.175 1549.335508687711 1.175 1549.335508687711 1.175 1710.8797121027892 1.175 1888.357072058115 1.175 1872.5555588004477 1.175 1882.3862136565758 1.175 1936.5453834073398 1.175 2362.5630864908035 1.175 2319.6520400401178 1.175 2299.3800816232197 1.175 2289.605464729757 1.175 2290.3643844966164
1.225 1570.0138456433629 1.225 1570.0138456433629 1.225 1570.0138456433629 1.225 1570.0138456433629 1.225 1570.0138456433629 1.225 1652.4744348625472 1.225 1832.816576140102 1.225 1824.8233856523946 1.225 1839.9037031999667 1.225 1882.7044611527554 1.225 2477.4594048312792 1.225 2380.6905769070377 1.225 2358.335251325239 1.225 2347.6651875884913 1.225 2357.828768653675
1.275 1682.1967398040035 1.275 1682.1967398040035 1.275 1682.1967398040035 1.275 1682.1967398040035 1.275 1682.1967398040035 1.275 1574.413210140075 1.275 1727.571325004226 1.275 1728.8484441375115 1.275 1745.237619417458 1.275 1797.2051052040633 1.275 2303.9515085506087 1.275 2216.2765300107562 1.275 2196.2460815289737 1.275 2183.4919804545943 1.275 2194.7174365696924
1.325 1591.7238727947506 1.325 1591.7238727947506 1.325 1591.7238727947506 1.325 1591.7238727947506 1.325 1591.7238727947506 1.325 1456.1954500041047 1.325 1597.022777229597 1.325 1599.4566643563148 1.325 1611.495249949504 1.325 1642.2264989058933 1.325 2308.258894314574 1.325 2224.9354828533333 1.325 2198.951799584325 1.325 2184.8730907948816 1.325 2194.097977461931
1.375 1500.86209049407 1.375 1500.86209049407 1.375 1500.86209049407 1.375 1500.86209049407 1.375 1500.86209049407 1.375 1546.1578807708645 1.375 1692.021474364595 1.375 1667.571747295359 1.375 1678.9141333226798 1.375 1719.1270536141135 1.375 2480.361844999392 1.375 2382.7066161533553 1.375 2359.9176867968467 1.375 2345.7627193585604 1.375 2356.2899462426612
1.425 1463.2274203624074 1.425 1463.2274203624074 1.425 1463.2274203624074 1.425 1463.2274203624074 1.425 1463.2274203624074 1.425 1557.5052146695793 1.425 1695.3096352726945 1.425 1666.3178801033514 1.425 1678.9993668385762 1.425 1713.33586343083 1.425 2394.2636930495382 1.425 2262.391950145977 1.425 2241.701754072567 1.425 2231.320096841794 1.425 2235.8078392093935
1.475 1489.0616427565842 1.475 1489.0616427565842 1.475 1489.0616427565842 1.475 1489.0616427565842 1.475 1489.0616427565842 1.475 1343.7218480237123 1.475 1467.03641739457 1.475 1446.1002143528722 1.475 1449.9898525153167 1.475 1483.0416348284557 1.475 2233.0118334754216 1.475 2193.3802578797763 1.475 2178.022335538009 1.475 2165.247458131355 1.475 2176.825821942838
1.525 1512.4691384610612 1.525 1512.4691384610612 1.525 1512.4691384610612 1.525 1512.4691384610612 1.525 1512.4691384610612 1.525 1280.4233332683086 1.525 1411.5096400946852 1.525 1396.6614638585775 1.525 1411.5356409907045 1.525 1449.909414440482 1.525 2093.696398824907 1.525 2005.960678626689 1.525 1995.0711278057552 1.525 1983.3136530484976 1.525 1989.0435227284456
1.575 1516.1426654764766 1.575 1516.1426654764766 1.575 1516.1426654764766 1.575 1516.1426654764766 1.575 1516.1426654764766 1.575 1315.1865816022616 1.575 1405.281573677793 1.575 1384.1520874136704 1.575 1399.8468931745688 1.575 1425.933505673608 1.575 2198.306897310263 1.575 2036.0890111027315 1.575 2023.8258914263474 1.575 2016.909768239886 1.575 2022.5855753850105
1.625 1427.9565858078006 1.625 1427.9565858078006 1.625 1427.9565858078006 1.625 1427.9565858078006 1.625 1427.9565858078006 1.625 1276.1174513878188 1.625 1363.3725437477701 1.625 1316.6985026793102 1.625 1334.1442682430531 1.625 1364.9802077820566 1.625 2274.1342617306873 1.625 2160.1022428874044 1.625 2143.7676700037805 1.625 2132.1207834437705 1.625 2132.962497715514
1.675 1430.343149594766 1.675 1430.343149594766 1.675 1430.343149594766 1.675 1430.343149594766 1.675 1430.343149594766 1.675 1260.0498044691612 1.675 1334.3577710877487 1.675 1253.9448832840878 1.675 1267.2561215251892 1.675 1301.6873994982348 1.675 2136.270038592116 1.675 2069.909585391912 1.675 2052.8314614841706 1.675 2040.5739704438124 1.675 2038.762674805829
1.725 1373.401147909693 1.725 1373.401147909693 1.725 1373.401147909693 1.725 1373.401147909693 1.725 1373.401147909693 1.725 1331.4070222939235 1.725 1446.9808769696135 1.725 1426.3595038873716 1.725 1439.689095196209 1.725 1456.571099724805 1.725 2144.962867668598 1.725 2084.850328921566 1.725 2068.995773381461 1.725 2055.5270099381596 1.725 2051.551953032524
1.775 1328.9812559722116 1.775 1328.9812559722116 1.775 1328.9812559722116 1.775 1328.9812559722116 1.775 1328.9812559722116 1.775 1333.5244866381584 1.775 1442.734570769338 1.775 1427.2449291535395 1.775 1426.5314208571738 1.775 1474.9734338709484 1.775 2257.550666424478 1.775 2182.960563913376 1.775 2167.6923030722974 1.775 2152.608097486918 1.775 2152.6544944737575
1.825 1362.865871906798 1.825 1362.865871906798 1.825 1362.865871906798 1.825 1362.865871906798 1.825 1362.865871906798 1.825 1319.920814991416 1.825 1430.9374330922035 1.825 1407.6967753741287 1.825 1400.0444109439404 1.825 1440.10077913463 1.825 2163.0603728537 1.825 2112.0622331780114 1.825 2098.7839267281774 1.825 2087.1361123560796 1.825 2085.782293739158
1.875 1360.579816126788 1.875 1360.579816126788 1.875 1360.579816126788 1.875 1360.579816126788 1.875 1360.579816126788 1.875 1286.3651118807757 1.875 1382.5133143014366 1.875 1376.6285388246258 1.875 1387.4821629938685 1.875 1431.0984580329823 1.875 2080.9100715311697 1.875 2008.9638348110427 1.875 1993.600895819839 1.875 1977.9928743794355 1.875 1974.2959099152108
1.925 1305.601115270902 1.925 1305.601115270902 1.925 1305.601115270902 1.925 1305.601115270902 1.925 1305.601115270902 1.925 1329.518427907348 1.925 1457.5975302174663 1.925 1443.2473079618399 1.925 1452.0885515170216 1.925 1500.6093261604324 1.925 2024.4235765799558 1.925 1983.1092287293422 1.925 1961.5634044443213 1.925 1950.613869841508 1.925 1948.1813434479718
1.975 1221.091162716071 1.975 1221.091162716071 1.975 1221.091162716071 1.975 1221.091162716071 1.975 1221.091162716071 1.975 1226.06356771789 1.975 1372.2061176523434 1.975 1349.6120685702158 1.975 1353.0113539084884 1.975 1391.6022897036903 1.975 1966.1159893681586 1.975 1876.746380656706 1.975 1860.352011928668 1.975 1850.9895085612538 1.975 1852.713396772909
2.025 1216.6302308829565 2.025 1216.6302308829565 2.025 1216.6302308829565 2.025 1216.6302308829565 2.025 1216.6302308829565 2.025 1242.9063201674394 2.025 1364.0851541226323 2.025 1339.6687433424245 2.025 1347.3759341776738 2.025 1380.8342451580413 2.025 1949.4377370109642 2.025 1859.6489690218004 2.025 1844.292079509043 2.025 1832.8552696028253 2.025 1837.9444891293151
2.075 1194.331848076168 2.075 1194.331848076168 2.075 1194.331848076168 2.075 1194.331848076168 2.075 1194.331848076168 2.075 1188.5444975153978 2.075 1317.0384017295771 2.075 1280.4052986896475 2.075 1289.7212221614204 2.075 1330.6000668436493 2.075 2033.0317740154042 2.075 1967.023143790228 2.075 1952.5025415490938 2.075 1940.2407715875463 2.075 1943.1718928761263
2.125 1204.4402616499865 2.125 1204.4402616499865 2.125 1204.4402616499865 2.125 1204.4402616499865 2.125 1204.4402616499865 2.125 1084.234125604718 2.125 1191.2116419252613 2.125 1177.162964917945 2.125 1189.6276300880095 2.125 1227.0866963162641 2.125 1895.5595019451746 2.125 1843.1687365136515 2.125 1828.8730671088108 2.125 1816.7584284485529 2.125 1822.6788548894253
2.175 1206.8127341602972 2.175 1206.8127341602972 2.175 1206.8127341602972 2.175 1206.8127341602972 2.175 1206.8127341602972 2.175 1135.5290783303822 2.175 1276.4211237483512 2.175 1267.167232448913 2.175 1282.9374868670188 2.175 1324.4518052687315 2.175 1981.1163658973157 2.175 1904.7434454146912 2.175 1889.6432649904732 2.175 1874.91935906 2.175 1879.922144653771
2.225 1160.5112074102735 2.225 1160.5112074102735 2.225 1160.5112074102735 2.225 1160.5112074102735 2.225 1160.5112074102735 2.225 1152.4227922259972 2.225 1302.106547314992 2.225 1298.150093283111 2.225 1307.9987466536818 2.225 1347.2017563568793 2.225 1927.1371159997032 2.225 1851.7236990546535 2.225 1835.863981803103 2.225 1823.1956282278115 2.225 1822.6405964176734
2.275 1128.9671271295695 2.275 1128.9671271295695 2.275 1128.9671271295695 2.275 1128.9671271295695 2.275 1128.9671271295695 2.275 1204.2877059211894 2.275 1315.3064096798369 2.275 1297.6651583087025 2.275 1306.9075072124353 2.275 1352.8489324753498 2.275 1907.633170961433 2.275 1779.9192902552684 2.275 1764.295361862729 2.275 1751.5364662836987 2.275 1751.3861518079655
2.325 1115.5919251469347 2.325 1115.5919251469347 2.325 1115.5919251469347 2.325 1115.5919251469347 2.325 1115.5919251469347 2.325 1175.6112105969996 2.325 1318.503639741965 2.325 1306.0897796090285 2.325 1319.4117302776447 2.325 1356.4467298695727 2.325 1864.1008887812263 2.325 1751.379929305904 2.325 1735.0487283556467 2.325 1724.473361547878 2.325 1727.3524187936423
2.375 1138.1591517294967 2.375 1138.1591517294967 2.375 1138.1591517294967 2.375 1138.1591517294967 2.375 1138.1591517294967 2.375 1238.0378588454437 2.375 1362.3907807590092 2.375 1345.0125034450368 2.375 1368.023199452867 2.375 1401.3518682789968 2.375 1889.3761960520533 2.375 1766.5434006961932 2.375 1752.1313664628635 2.375 1741.0305465215135 2.375 1744.0840766650072
2.4250000000000003 1065.7972046086754 2.4250000000000003 1065.7972046086754 2.4250000000000003 1065.7972046086754 2.4250000000000003 1065.7972046086754 2.4250000000000003 1065.7972046086754 2.4250000000000003 1119.6584645626183 2.4250000000000003 1249.1824704386015 2.4250000000000003 1248.4064238181654 2.4250000000000003 1261.5714355613031 2.4250000000000003 1292.5398808711363 2.4250000000000003 1730.8476101817769 2.4250000000000003 1642.9844753913703 2.4250000000000003 1626.98053552731 2.4250000000000003 1617.5036653606196 2.4250000000000003 1619.2044195842318
2.475 1026.359406497401 2.475 1026.359406497401 2.475 1026.359406497401 2.475 1026.359406497401 2.475 1026.359406497401 2.475 1096.6099498363512 2.475 1250.324495854101 2.475 1240.8462362359173 2.475 1250.648575561917 2.475 1279.474731335178 2.475 1751.0176300179405 2.475 1647.9031770515217 2.475 1632.573299923527 2.475 1621.1066260384785 2.475 1622.5644258975417
2.525 1037.2319116423766 2.525 1037.2319116423766 2.525 1037.2319116423766 2.525 1037.2319116423766 2.525 1037.2319116423766 2.525 1069.4999076552235 2.525 1199.3896601401284 2.525 1192.1056777031943 2.525 1197.210582489118 2.525 1224.9234012359022 2.525 1900.1020534352374 2.525 1830.2547816273413 2.525 1816.1078388333722 2.525 1803.6776773324113 2.525 1804.537351962883
2.575 1049.4082494719667 2.575 1049.4082494719667 2.575 1049.4082494719667 2.575 1049.4082494719667 2.575 1049.4082494719667 2.575 1124.1766671544838 2.575 1231.4913569981825 2.575 1229.3057961914285 2.575 1236.0391520859998 2.575 1269.5083580684732 2.575 1840.2398366635446 2.575 1749.6863116212485 2.575 1735.7589482024325 2.575 1723.9895664224787 2.575 1726.4705852214088
2.625 1061.7289829782062 2.625 1061.7289829782062 2.625 1061.7289829782062 2.625 1061.7289829782062 2.625 1061.7289829782062 2.625 1132.147222993964 2.625 1216.0481462041346 2.625 1219.0716937346654 2.625 1233.3610987456625 2.625 1260.4855425572607 2.625 1842.8945930106327 2.625 1768.8657478356397 2.625 1753.0580941553594 2.625 1738.743914821838 2.625 1740.4042641076535
2.6750000000000003 1033.5230904022417 2.6750000000000003 1033.5230904022417 2.6750000000000003 1033.5230904022417 2.6750000000000003 1033.5230904022417 2.6750000000000003 1033.5230904022417 2.6750000000000003 1088.9382115895428 2.6750000000000003 1182.6685607862953 2.6750000000000003 1184.4481642961196 2.6750000000000003 1194.8014045191085 2.6750000000000003 1215.0312742054439 2.6750000000000003 1790.3972873883656 2.6750000000000003 1670.5988679176487 2.6750000000000003 1656.8640187178137 2.6750000000000003 1646.4874665178813 2.6750000000000003 1642.8266532449502
2.725 1051.9970935471877 2.725 1051.9970935471877 2.725 1051.9970935471877 2.725 1051.9970935471877 2.725 1051.9970935471877 2.725 1046.1553100139201 2.725 1126.5604648809947 2.725 1119.818401553657 2.725 1126.1228875366182 2.725 1159.0559886560459 2.725 1767.0763510652541 2.725 1688.010092404167 2.725 1671.3314592994625 2.725 1660.4176425424303 2.725 1659.7203130810542
2.775 1017.207855154971 2.775 1017.207855154971 2.775 1017.207855154971 2.775 1017.207855154971 2.775 1017.207855154971 2.775 1070.8181751852933 2.775 1143.7813067432933 2.775 1144.3521067801787 2.775 1162.9653118906153 2.775 1191.9578209491833 2.775 1885.8637227953889 2.775 1762.982444835491 2.775 1750.2844620097896 2.775 1736.6512108308348 2.775 1736.6724078118825
2.825 1006.294378395691 2.825 1006.294378395691 2.825 1006.294378395691 2.825 1006.294378395691 2.825 1006.294378395691 2.825 1066.3010940363527 2.825 1168.2569289249877 2.825 1159.6580801476262 2.825 1167.0460338447465 2.825 1198.2925243086288 2.825 1948.8983244704239 2.825 1873.2380769218876 2.825 1857.5278944281777 2.825 1842.1490624400312 2.825 1841.9279336654681
2.875 1018.4610028382664 2.875 1018.4610028382664 2.875 1018.4610028382664 2.875 1018.4610028382664 2.875 1018.4610028382664 2.875 1104.1208868853316 2.875 1231.0799516056973 2.875 1229.6276908815723 2.875 1239.1295300333563 2.875 1267.6761231306252 2.875 1876.199145517361 2.875 1796.1786433718687 2.875 1780.6076510811583 2.875 1766.62967257034 2.875 1766.3225208476806
2.9250000000000003 993.7954274545959 2.9250000000000003 993.7954274545959 2.9250000000000003 993.7954274545959 2.9250000000000003 993.7954274545959 2.9250000000000003 993.7954274545959 2.9250000000000003 1156.8770639864301 2.9250000000000003 1286.043333389527 2.9250000000000003 1278.8287192051228 2.9250000000000003 1285.4615542880829 2.9250000000000003 1318.3928800769797 2.9250000000000003 1943.8877149140258 2.9250000000000003 1736.8849349285767 2.9250000000000003 1722.48692899749 2.9250000000000003 1709.9929989553584 2.9250000000000003 1709.3783749437232
2.975 1033.016080653656 2.975 1033.016080653656 2.975 1033.016080653656 2.975 1033.016080653656 2.975 1033.016080653656 2.975 1095.852937041729 2.975 1214.7279037967928 2.975 1215.1556326591706 2.975 1232.7726661628171 2.975 1264.6738664207276 2.975 1758.242334652517 2.975 1556.2898123431007 2.975 1543.9853045080417 2.975 1533.7083196062895 2.975 1532.4448729435132
3.025 1018.8412726272211 3.025 1018.8412726272211 3.025 1018.8412726272211 3.025 1018.8412726272211 3.025 1018.8412726272211 3.025 1081.9683283546667 3.025 1200.757382691739 3.025 1191.2281001488293 3.025 1210.5373211815147 3.025 1245.1420257053685 3.025 1725.0527144379266 3.025 1640.7070122108685 3.025 1625.8821711655307 3.025 1615.3121880784895 3.025 1614.420204904313
3.075 994.215098378672 3.075 994.215098378672 3.075 994.215098378672 3.075 994.215098378672 3.075 994.215098378672 3.075 974.8090958653746 3.075 1067.444034557023 3.075 1055.1726184310485 3.075 1065.329378699546 3.075 1096.027243977144 3.075 1687.9866484218464 3.075 1603.8050287053657 3.075 1590.452475247219 3.075 1584.2398992518745 3.075 1584.254593852091
3.125 1000.9517302017832 3.125 1000.9517302017832 3.125 1000.9517302017832 3.125 1000.9517302017832 3.125 1000.9517302017832 3.125 948.8797092656259 3.125 1063.9810987943536 3.125 1053.8169662690934 3.125 1068.9597696962178 3.125 1104.0144307407795 3.125 1617.5988616848408 3.125 1540.5817855225423 3.125 1527.3063015068292 3.125 1518.4172826853742 3.125 1517.120275096918
3.1750000000000003 988.0522276017117 3.1750000000000003 988.0522276017117 3.1750000000000003 988.0522276017117 3.1750000000000003 988.0522276017117 3.1750000000000003 988.0522276017117 3.1750000000000003 968.6247794133361 3.1750000000000003 1069.785180644004 3.1750000000000003 1063.056721339425 3.1750000000000003 1076.8281989943493 3.1750000000000003 1109.559354560634 3.1750000000000003 1614.551471415635 3.1750000000000003 1524.4631822031417 3.1750000000000003 1512.351232175994 3.1750000000000003 1500.4992300477945 3.1750000000000003 1498.9434890591735
3.225 969.059614548479 3.225 969.059614548479 3.225 969.059614548479 3.225 969.059614548479 3.225 969.059614548479 3.225 950.5466558838432 3.225 1074.7246644388447 3.225 1066.6095336106846 3.225 1080.5556918934758 3.225 1111.427880687867 3.225 1629.0206823793883 3.225 1603.2956214331036 3.225 1591.4376375051352 3.225 1581.0605135691442 3.225 1581.5510682175222
3.275 985.1623497275986 3.275 985.1623497275986 3.275 985.1623497275986 3.275 985.1623497275986 3.275 985.1623497275986 3.275 1082.1741098198406 3.275 1199.4716213158624 3.275 1189.356640407282 3.275 1201.892589923513 3.275 1235.4741948098554 3.275 1517.7355620561668 3.275 1451.6519579590108 3.275 1443.4371231177893 3.275 1436.5712628765027 3.275 1436.3010088756544
3.325 942.4609765375923 3.325 942.4609765375923 3.325 942.4609765375923 3.325 942.4609765375923 3.325 942.4609765375923 3.325 1061.422068261263 3.325 1198.0895395245868 3.325 1195.8410912038748 3.325 1208.9948185585042 3.325 1244.613208396174 3.325 1747.4761240032135 3.325 1646.443485121093 3.325 1639.3911219420788 3.325 1628.0642700524304 3.325 1629.95035933763
3.375 980.604553844034 3.375 980.604553844034 3.375 980.604553844034 3.375 980.604553844034 3.375 980.604553844034 3.375 967.0401329956554 3.375 1126.3100580546857 3.375 1099.1766324456519 3.375 1111.7663720179814 3.375 1141.0604906796386 3.375 1772.1432370119437 3.375 1657.98972501232 3.375 1645.3353635833882 3.375 1635.512718111464 3.375 1637.0308012807075
3.4250000000000003 961.4885536912604 3.4250000000000003 961.4885536912604 3.4250000000000003 961.4885536912604 3.4250000000000003 961.4885536912604 3.4250000000000003 961.4885536912604 3.4250000000000003 984.5072898407801 3.4250000000000003 1119.698350417988 3.4250000000000003 1115.0721677157894 3.4250000000000003 1128.1064336631878 3.4250000000000003 1167.3536943595466 3.4250000000000003 1838.1980035161002 3.4250000000000003 1745.6788841589237 3.4250000000000003 1732.5790422910648 3.4250000000000003 1719.3695261990817 3.4250000000000003 1720.3546598690416
3.475 969.9959214646316 3.475 969.9959214646316 3.475 969.9959214646316 3.475 969.9959214646316 3.475 969.9959214646316 3.475 1070.8217043156671 3.475 1193.1630746990797 3.475 1182.1829271554107 3.475 1199.673159620158 3.475 1244.9827517702197 3.475 1738.3669308721019 3.475 1601.3020843634802 3.475 1586.163412402013 3.475 1573.5178155497401 3.475 1575.0826410437332
3.525 990.5419868183441 3.525 990.5419868183441 3.525 990.5419868183441 3.525 990.5419868183441 3.525 990.5419868183441 3.525 1034.9316599702206 3.525 1156.368074977783 3.525 1154.3977494648875 3.525 1176.135657819577 3.525 1215.1589297293237 3.525 1806.6621685100802 3.525 1724.2036894867915 3.525 1710.2467874580404 3.525 1696.9777516025372 3.525 1697.3456862550156
3.575 993.8419241935778 3.575 993.8419241935778 3.575 993.8419241935778 3.575 993.8419241935778 3.575 993.8419241935778 3.575 985.8376064609828 3.575 1090.8582263994215 3.575 1091.6253233908815 3.575 1110.0159834846772 3.575 1140.5872526666717 3.575 1699.130400533716 3.575 1627.9050248498547 3.575 1616.8676671195312 3.575 1602.828006790901 3.575 1604.1442794596555
3.625 989.2626063109198 3.625 989.2626063109198 3.625 989.2626063109198 3.625 989.2626063109198 3.625 989.2626063109198 3.625 1005.1009537868268 3.625 1156.2408815957333 3.625 1139.5553994305726 3.625 1148.744222977432 3.625 1179.1116488229968 3.625 1787.728031822565 3.625 1719.7281433028556 3.625 1706.408363776818 3.625 1694.805028398871 3.625 1698.1511491839292
3.6750000000000003 999.7059866741855 3.6750000000000003 999.7059866741855 3.6750000000000003 999.7059866741855 3.6750000000000003 999.7059866741855 3.6750000000000003 999.7059866741855 3.6750000000000003 953.9922707126261 3.6750000000000003 1063.9139234109819 3.6750000000000003 1054.1067604185598 3.6750000000000003 1065.6159860404455 3.6750000000000003 1094.1996478136914 3.6750000000000003 1830.4831652633509 3.6750000000000003 1738.494293534685 3.6750000000000003 1723.4401371637548 3.6750000000000003 1707.9866829312512 3.6750000000000003 1711.9006785692573
3.725 983.8282960484229 3.725 983.8282960484229 3.725 983.8282960484229 3.725 983.8282960484229 3.725 983.8282960484229 3.725 951.0935864950039 3.725 1070.0288126060736 3.725 1058.140029326632 3.725 1068.2353613731584 3.725 1101.8992296043223 3.725 1749.8067700981019 3.725 1629.9865484735697 3.725 1617.4921921305872 3.725 1604.3369322067588 3.725 1603.022205070279
3.775 983.0109246398541 3.775 983.0109246398541 3.775 983.0109246398541 3.775 983.0109246398541 3.775 983.0109246398541 3.775 1028.2593318024137 3.775 1144.167854787924 3.775 1141.294849349711 3.775 1156.4995044428067 3.775 1181.8398159349213 3.775 1754.3407757586513 3.775 1702.4136039664536 3.775 1690.588042487884 3.775 1677.1635057964547 3.775 1680.299284606131
3.825 982.6667899768248 3.825 982.6667899768248 3.825 982.6667899768248 3.825 982.6667899768248 3.825 982.6667899768248 3.825 1028.2558781364448 3.825 1117.9405623380394 3.825 1121.4851418761687 3.825 1138.9483918461563 3.825 1168.3284056268994 3.825 1608.0920836058801 3.825 1548.899253258833 3.825 1537.0955365097352 3.825 1523.3009500105493 3.825 1524.5412500472207
3.875 960.7185401810096 3.875 960.7185401810096 3.875 960.7185401810096 3.875 960.7185401810096 3.875 960.7185401810096 3.875 1039.853886741864 3.875 1148.6851272925455 3.875 1144.4032764860456 3.875 1152.8291896431679 3.875 1178.6156616884882 3.875 1682.2491536593452 3.875 1599.0906061154694 3.875 1585.3131105791617 3.875 1575.343480008575 3.875 1577.5043001238325
3.9250000000000003 932.3029332291732 3.9250000000000003 932.3029332291732 3.9250000000000003 932.3029332291732 3.9250000000000003 932.3029332291732 3.9250000000000003 932.3029332291732 3.9250000000000003 1021.068378070787 3.9250000000000003 1138.7862401846141 3.9250000000000003 1128.9870268344603 3.9250000000000003 1147.9804931071892 3.9250000000000003 1177.8258205889526 3.9250000000000003 1606.8098639074376 3.9250000000000003 1541.9982151619092 3.9250000000000003 1528.1085636117923 3.9250000000000003 1515.9879332191936 3.9250000000000003 1517.8302322224458
3.975 974.3202594621728 3.975 974.3202594621728 3.975 974.3202594621728 3.975 974.3202594621728 3.975 974.3202594621728 3.975 991.2611043097767 3.975 1111.2560366106643 3.975 1109.8148747118985 3.975 1125.9723721422279 3.975 1156.776480384074 3.975 1609.9069685396687 3.975 1572.752240789193 3.975 1556.9189910000748 3.975 1545.65925592055 3.975 1548.5082589813608
4.025 984.5971051987119 4.025 984.5971051987119 4.025 984.5971051987119 4.025 984.5971051987119 4.025 984.5971051987119 4.025 1028.9933537048869 4.025 1113.3238973008088 4.025 1112.9553864619252 4.025 1130.1643788506296 4.025 1161.1081549280486 4.025 1739.6160115730002 4.025 1658.5440978663873 4.025 1642.7388541874961 4.025 1631.3805095711475 4.025 1632.3173548485381
4.075 1003.8915819195284 4.075 1003.8915819195284 4.075 1003.8915819195284 4.075 1003.8915819195284 4.075 1003.8915819195284 4.075 1034.122693296987 4.075 1159.5800713237645 4.075 1147.0720130168943 4.075 1160.7345759339632 4.075 1194.9193640516585 4.075 1742.4786254731764 4.075 1663.9696032320746 4.075 1648.7139107266985 4.075 1634.2844480599977 4.075 1634.8263880542015
4.125000000000001 1017.3563554127481 4.125000000000001 1017.3563554127481 4.125000000000001 1017.3563554127481 4.125000000000001 1017.3563554127481 4.125000000000001 1017.3563554127481 4.125000000000001 1058.9826381360297 4.125000000000001 1145.5829948513256 4.125000000000001 1147.7036934833484 4.125000000000001 1153.033685728352 4.125000000000001 1177.0996221932446 4.125000000000001 1650.1806823515496 4.125000000000001 1569.9038542319254 4.125000000000001 1554.5498024327287 4.125000000000001 1545.3331722014414 4.125000000000001 1549.5287800496585
4.175000000000001 995.8904405911875 4.175000000000001 995.8904405911875 4.175000000000001 995.8904405911875 4.175000000000001 995.8904405911875 4.175000000000001 995.8904405911875 4.175000000000001 1173.10997171164 4.175000000000001 1323.5926407561187 4.175000000000001 1308.894318999359 4.175000000000001 1320.1527929541064 4.175000000000001 1359.3267115979036 4.175000000000001 1876.7651270082436 4.175000000000001 1776.052699843241 4.175000000000001 1761.5769541964419 4.175000000000001 1750.163272144768 4.175000000000001 1751.4566337978792
4.2250000000000005 982.0311571331528 4.2250000000000005 982.0311571331528 4.2250000000000005 982.0311571331528 4.2250000000000005 982.0311571331528 4.2250000000000005 982.0311571331528 4.2250000000000005 1141.0778023742764 4.2250000000000005 1285.5740990982172 4.2250000000000005 1282.889579746263 4.2250000000000005 1289.551766295687 4.2250000000000005 1323.2474396261196 4.2250000000000005 1768.4865199510375 4.2250000000000005 1629.8318377116816 4.2250000000000005 1618.2915676918244 4.2250000000000005 1608.15995138881 4.2250000000000005 1608.8404346168288
4.275 942.8244801069451 4.275 942.8244801069451 4.275 942.8244801069451 4.275 942.8244801069451 4.275 942.8244801069451 4.275 1047.2619528298899 4.275 1176.761959131856 4.275 1152.1917795331535 4.275 1165.4065774848782 4.275 1197.3188022025477 4.275 1798.3852405234065 4.275 1730.4386768736917 4.275 1717.2621629523912 4.275 1708.2545215940431 4.275 1712.3282042258425
4.325 976.5217416332022 4.325 976.5217416332022 4.325 976.5217416332022 4.325 976.5217416332022 4.325 976.5217416332022 4.325 1057.6626262479408 4.325 1130.5643303828733 4.325 1116.0425833063439 4.325 1132.2116086515032 4.325 1162.1642353414393 4.325 1760.9851954281387 4.325 1662.5779106220093 4.325 1647.4333895731786 4.325 1636.1491164057347 4.325 1641.816670871508
4.375000000000001 1013.7499646836644 4.375000000000001 1013.7499646836644 4.375000000000001 1013.7499646836644 4.375000000000001 1013.7499646836644 4.375000000000001 1013.7499646836644 4.375000000000001 1071.0064668287414 4.375000000000001 1258.7528817297473 4.375000000000001 1256.0919004767031 4.375000000000001 1273.7156170030555 4.375000000000001 1303.854743194025 4.375000000000001 1720.8545647816381 4.375000000000001 1670.5267960755566 4.375000000000001 1654.8652821378707 4.375000000000001 1640.569354234977 4.375000000000001 1645.711791296684
4.425000000000001 1005.1170202347862 4.425000000000001 1005.1170202347862 4.425000000000001 1005.1170202347862 4.425000000000001 1005.1170202347862 4.425000000000001 1005.1170202347862 4.425000000000001 1046.1489298947715 4.425000000000001 1198.225546434086 4.425000000000001 1184.199844841757 4.425000000000001 1198.112818558528 4.425000000000001 1229.1776164147025 4.425000000000001 1718.916046898545 4.425000000000001 1622.6851758106181 4.425000000000001 1608.0037702907844 4.425000000000001 1597.2626557725193 4.425000000000001 1601.3842278459392
4.4750000000000005 1006.2388959417681 4.4750000000000005 1006.2388959417681 4.4750000000000005 1006.2388959417681 4.4750000000000005 1006.2388959417681 4.4750000000000005 1006.2388959417681 4.4750000000000005 1182.9845698788797 4.4750000000000005 1324.718230214894 4.4750000000000005 1321.5389268156873 4.4750000000000005 1337.5893456937388 4.4750000000000005 1375.131879629301 4.4750000000000005 1619.6851550859756 4.4750000000000005 1536.6995613170698 4.4750000000000005 1525.0110833364997 4.4750000000000005 1515.2408011682244 4.4750000000000005 1517.337541062479
4.525 1061.7666231552853 4.525 1061.7666231552853 4.525 1061.7666231552853 4.525 1061.7666231552853 4.525 1061.7666231552853 4.525 1086.3343214526035 4.525 1221.0115416855892 4.525 1211.2117687213522 4.525 1228.4736398027674 4.525 1274.3453433053814 4.525 1723.6071113478029 4.525 1648.109978779981 4.525 1635.8867669902615 4.525 1622.9010009733624 4.525 1622.5639237030623
4.575 1011.5343114189674 4.575 1011.5343114189674 4.575 1011.5343114189674 4.575 1011.5343114189674 4.575 1011.5343114189674 4.575 1061.5453741819554 4.575 1248.399585313441 4.575 1229.4100567379307 4.575 1248.4513010394417 4.575 1286.6465046911776 4.575 1749.175039668851 4.575 1645.4456333996725 4.575 1635.270896102638 4.575 1624.534907463159 4.575 1624.744458831359
4.625000000000001 972.0963389627593 4.625000000000001 972.0963389627593 4.625000000000001 972.0963389627593 4.625000000000001 972.0963389627593 4.625000000000001 972.0963389627593 4.625000000000001 1178.9353827426867 4.625000000000001 1347.6193175476058 4.625000000000001 1342.761301556088 4.625000000000001 1360.458035774631 4.625000000000001 1398.0187898050233 4.625000000000001 1941.459154902142 4.625000000000001 1846.1255291135008 4.625000000000001 1829.9762148221257 4.625000000000001 1817.3607085830815 4.625000000000001 1819.349514494421
4.675000000000001 985.0812303326472 4.675000000000001 985.0812303326472 4.675000000000001 985.0812303326472 4.675000000000001 985.0812303326472 4.675000000000001 985.0812303326472 4.675000000000001 1170.5488475990464 4.675000000000001 1369.8475475461012 4.675000000000001 1377.282174035375 4.675000000000001 1390.1357334518218 4.675000000000001 1423.1741315910454 4.675000000000001 1862.1686131780975 4.675000000000001 1762.0763556969182 4.675000000000001 1750.0976768280748 4.675000000000001 1737.9317381086826 4.675000000000001 1742.8901861383813
4.7250000000000005 1010.7954687574819 4.7250000000000005 1010.7954687574819 4.7250000000000005 1010.7954687574819 4.7250000000000005 1010.7954687574819 4.7250000000000005 1010.7954687574819 4.7250000000000005 1191.6389948288809 4.7250000000000005 1366.9089386068795 4.7250000000000005 1366.3576824594259 4.7250000000000005 1385.2405159288737 4.7250000000000005 1421.154702971232 4.7250000000000005 1973.2023528312052 4.7250000000000005 1876.329667369935 4.7250000000000005 1865.454353906247 4.7250000000000005 1853.7584350644509 4.7250000000000005 1854.2143936538123
4.775 999.1590053096893 4.775 999.1590053096893 4.775 999.1590053096893 4.775 999.1590053096893 4.775 999.1590053096893 4.775 1055.914787176433 4.775 1214.6173832365212 4.775 1188.020433332549 4.775 1205.0141013863615 4.775 1232.2065263804782 4.775 1878.1626443082123 4.775 1786.1717936243733 4.775 1775.2168113546643 4.775 1765.0073916790145 4.775 1767.3098092058783
4.825000000000001 1063.1625061660245 4.825000000000001 1063.1625061660245 4.825000000000001 1063.1625061660245 4.825000000000001 1063.1625061660245 4.825000000000001 1063.1625061660245 4.825000000000001 1128.4219583362735 4.825000000000001 1289.9556763856717 4.825000000000001 1280.8110533700715 4.825000000000001 1299.7086625463533 4.825000000000001 1333.4506791855495 4.825000000000001 1938.7360013480918 4.825000000000001 1776.759676778636 4.825000000000001 1761.6079751806576 4.825000000000001 1750.0474052382922 4.825000000000001 1753.2148025718548
4.875000000000001 1084.6190288192836 4.875000000000001 1084.6190288192836 4.875000000000001 1084.6190288192836 4.875000000000001 1084.6190288192836 4.875000000000001 1084.6190288192836 4.875000000000001 1103.7907811355767 4.875000000000001 1210.3038343835206 4.875000000000001 1197.414339835824 4.875000000000001 1217.8880390076895 4.875000000000001 1253.2635430909268 4.875000000000001 1768.7166571555063 4.875000000000001 1718.8352422929638 4.875000000000001 1701.984425195312 4.875000000000001 1687.7049829422165 4.875000000000001 1690.2806425561653
4.925000000000001 1071.3848407383223 4.925000000000001 1071.3848407383223 4.925000000000001 1071.3848407383223 4.925000000000001 1071.3848407383223 4.925000000000001 1071.3848407383223 4.925000000000001 1145.2919372915921 4.925000000000001 1309.7538569960213 4.925000000000001 1302.4425452167677 4.925000000000001 1322.0232461415133 4.925000000000001 1340.7169060903384 4.925000000000001 1856.4856782300983 4.925000000000001 1744.7086039362505 4.925000000000001 1731.0739739972707 4.925000000000001 1717.2799738459823 4.925000000000001 1723.7885323753767
4.9750000000000005 1139.8981817489553 4.9750000000000005 1139.8981817489553 4.9750000000000005 1139.8981817489553 4.9750000000000005 1139.8981817489553 4.9750000000000005 1139.8981817489553 4.9750000000000005 1163.8760425298838 4.9750000000000005 1352.54881432608 4.9750000000000005 1329.0975517379056 4.9750000000000005 1347.9787110821292 4.9750000000000005 1388.2170112613824 4.9750000000000005 1881.3657244080478 4.9750000000000005 1773.3631584825157 4.9750000000000005 1760.2811932537327 4.9750000000000005 1744.0225120415448 4.9750000000000005 1748.0346695779006
